4.1505e+05,-19.727,-15.821,6.3192,25.887,3.8594,49.65,-0.61828,-1.08,1.051,0.48918,0.50904,0.50175,0.49982
4.1507e+05,-18.748,-6.3907,4.4715,78.338,-11.721,40.721,-0.54301,-1.0961,1.0508,0.47644,0.52193,0.50607,0.49446
4.1508e+05,-19.022,-6.2632,2.4218,3.0331,-16.587,34.11,-0.44086,-1.0693,1.0455,0.47001,0.52968,0.50523,0.49322
4.151e+05,-20.174,-2.1539,1.3189,82.701,-20.49,36.466,-0.40323,-1.0746,1.0454,0.45838,0.54249,0.50905,0.48627
4.1511e+05,-18.139,2.4499,1.5058,79.275,-24.753,36.33,-0.37097,-1.0904,1.0228,0.44746,0.55503,0.51171,0.47946
4.1513e+05,-13.951,7.1473,1.8115,82.051,-21.58,32.446,-0.33333,-0.98367,1.0407,0.43632,0.56702,0.51435,0.47283
4.1514e+05,-12.448,7.5716,1.1199,78.56,-19.651,39.053,-0.28495,-0.95637,0.98482,0.42478,0.57899,0.51605,0.46694
4.1516e+05,-9.6627,9.7149,1.7716,59.075,-17.307,54.232,-0.22581,-1.0204,0.97294,0.41361,0.59063,0.51509,0.46344
4.1518e+05,-7.0541,10.026,0.10201,46.041,-6.4671,85.31,-0.18817,-0.98311,0.98455,0.40068,0.60286,0.51097,0.4636
4.1519e+05,-6.551,10.085,-0.38635,55.071,4.5993,127.88,-0.16129,-1.0148,0.94491,0.38341,0.61765,0.50419,0.46614
4.1521e+05,-7.0257,11.941,0.13349,32.139,6.3157,170.58,-0.10215,-0.89204,0.96861,0.36516,0.63373,0.49206,0.47214
4.1522e+05,-7.2011,11.727,-0.62944,34.265,1.2563,202.96,-0.037634,-0.96127,0.93983,0.34486,0.65196,0.47641,0.4786
4.1524e+05,-7.8711,10.767,-0.38068,-12.641,2.8183,230.82,0.0053763,-0.88101,0.93501,0.3265,0.66918,0.45459,0.48881
4.1525e+05,-8.3689,7.6033,-1.6221,-34.848,1.3327,249.3,0.13441,-0.80108,0.9639,0.30886,0.68605,0.42857,0.50027
4.1527e+05,-9.0115,2.8882,-0.26605,-52.994,4.1839,265.22,0.16129,-0.78504,0.96406,0.29104,0.70244,0.39904,0.51249
4.1529e+05,-10.181,-0.62356,-0.26467,-15.876,5.2824,267.65,0.24731,-0.62998,0.96561,0.26913,0.71964,0.37082,0.52171
4.153e+05,-11.531,-2.4575,0.07698,23.416,-4.0576,262.66,0.3172,-0.66713,0.93715,0.24407,0.7378,0.34465,0.52659
4.1532e+05,-13.418,-3.5704,5.8181,60.746,-1.3991,253.07,0.37634,-0.52264,0.92736,0.21578,0.75579,0.3216,0.528
4.1533e+05,-19.485,-2.3352,6.7216,41.811,9.3803,199.77,0.47312,-0.4905,0.92206,0.19329,0.76906,0.30256,0.52882
4.1535e+05,-17.848,-1.2167,7.484,-55.393,-43.634,130.06,0.45699,-0.4636,0.90548,0.18806,0.78017,0.28172,0.52594
4.1536e+05,-8.9732,-7.9571,6.2524,-28.877,-20.346,82.747,0.46237,-0.3996,0.92297,0.1818,0.78842,0.26755,0.52322
4.1538e+05,-9.0221,-13.578,8.4969,-15.572,-19.419,5.5677,0.46237,-0.41559,0.91719,0.18006,0.79422,0.2629,0.51737
4.1539e+05,-6.7812,-15.596,6.4991,28.751,-46.561,-82.481,0.44624,-0.38356,0.92313,0.18049,0.79968,0.26998,0.50501
4.1541e+05,-2.7546,-14.268,4.5045,65.114,-47.708,-154.83,0.40323,-0.45825,0.90553,0.18133,0.80297,0.28682,0.49
4.1543e+05,-0.68612,-10.584,2.8512,80.414,-50.43,-226.11,0.34946,-0.52754,0.88237,0.18463,0.80313,0.31212,0.47274
4.1544e+05,0.90805,-7.5633,2.3551,48.13,-31.702,-283.43,0.23118,-0.65553,0.84738,0.19362,0.79763,0.34219,0.45738
4.1546e+05,0.013923,-5.2633,0.73064,20.796,-13.988,-333.55,0.13978,-0.72533,0.87477,0.20717,0.78644,0.3766,0.44359
4.1547e+05,-0.86737,-2.8279,-1.0008,-2.3953,4.9537,-370.24,-0.016129,-0.76799,0.86311,0.22365,0.76961,0.41401,0.43159
4.1549e+05,-1.9968,-2.9175,-1.7118,-85.031,18.189,-397.32,-0.2043,-0.89598,0.82812,0.24876,0.74582,0.44931,0.42426
4.155e+05,-3.1965,-4.7901,-2.2365,-126.95,10.342,-419.27,-0.29032,-0.92818,0.83903,0.27894,0.71747,0.4831,0.41719
4.1552e+05,-4.9672,-4.0357,-3.837,-120.97,-16.243,-420.15,-0.50538,-1.0247,0.86616,0.30958,0.68814,0.51501,0.40667
4.1554e+05,-6.0029,-4.9341,-0.39853,-162.29,-29.537,-422.11,-0.62366,-1.0195,0.88306,0.34376,0.65545,0.54307,0.3966
4.1555e+05,-9.7301,-9.876,4.6955,-203.16,-58.993,-391.14,-0.85484,-1.0736,0.9387,0.38026,0.62267,0.56384,0.387
4.1557e+05,-9.4508,-11.937,5.015,-183.23,-69.18,-338.93,-0.94086,-1.0847,0.98354,0.41185,0.59353,0.57953,0.37716
4.1558e+05,-11.049,-16.811,6.6371,-133.51,-57.393,-263.28,-1.129,-1.0105,1.0517,0.43354,0.5711,0.59189,0.36818
4.156e+05,-6.4117,-16.116,5.1482,17.369,-28.121,-158.84,-1.2903,-0.96813,1.0914,0.43549,0.56371,0.60475,0.35617
4.1561e+05,-1.5908,-15.331,7.0838,62.466,17.73,-50.712,-1.2849,-0.96267,1.0803,0.42487,0.56532,0.61386,0.35081
4.1563e+05,-0.82444,-16.723,5.6077,96.656,50.491,34.386,-1.3495,-1.0267,1.0628,0.40468,0.57414,0.61959,0.35029
4.1564e+05,-1.7285,-14.918,5.9299,122.89,92.728,132.44,-1.3333,-0.98913,1.0519,0.3738,0.59011,0.62086,0.35577
4.1566e+05,-17.708,-2.249,-8.6574,235.31,188.71,303.17,-1.2419,-1.0906,1.034,0.31883,0.61911,0.61767,0.36543
4.1568e+05,-24.718,24.532,0.15476,-53.976,-103.54,263.43,-1.0753,-1.1171,1.0113,0.31555,0.64491,0.58877,0.37131
4.1569e+05,-0.32513,-20.728,15.175,-505.85,108.65,182.75,-0.98925,-1.1119,1.0282,0.33404,0.6337,0.55035,0.4289
4.1571e+05,-9.3157,-24.88,-9.1251,66.082,1.4977,223.48,-0.9086,-1.0875,1.2644,0.30821,0.65641,0.53385,0.4349
4.1572e+05,-7.0705,-18.081,8.3509,185.45,76.207,173.25,-0.8172,-1.087,1.2138,0.26906,0.67541,0.53229,0.4337
4.1574e+05,-15.19,-9.7347,13.16,206.77,45.228,117.76,-0.69355,-1.1288,1.1123,0.2338,0.69206,0.53591,0.42331
4.1575e+05,-12.487,-2.4307,13.513,-102.68,48.958,111.01,-0.62903,-1.1179,1.0956,0.22766,0.69755,0.52146,0.43551
4.1577e+05,-16.618,-19.025,6.6556,29.529,24.315,66.609,-0.5,-1.1128,1.1181,0.21454,0.70516,0.51867,0.43325
4.1579e+05,-18.615,-11.469,7.5666,41.454,14.424,51.082,-0.46237,-1.0805,1.1016,0.20176,0.71269,0.51767,0.42824
4.158e+05,-19.747,-6.9945,5.3109,51.024,1.7014,34.668,-0.3871,-1.0648,1.1354,0.19001,0.71991,0.51826,0.42076
4.1582e+05,-21.852,-4.5381,1.471,30.162,-11.542,40.903,-0.32258,-0.98446,1.1194,0.1812,0.72749,0.51653,0.41367
4.1583e+05,-19.243,0.2898,0.55746,85.802,-15.238,40.567,-0.28495,-0.97883,1.0913,0.16695,0.73631,0.51735,0.40288
4.1585e+05,-16.737,5.1383,1.137,72.67,-14.341,37.241,-0.21505,-0.99481,1.0856,0.1541,0.74418,0.51745,0.39332
4.1586e+05,-13.419,7.7418,0.20829,86.924,-15.291,31.546,-0.15591,-0.97337,1.0802,0.14004,0.75165,0.51851,0.38283
4.1588e+05,-10.614,8.9637,0.33289,92.328,-20.416,39.865,-0.15591,-0.98373,1.0463,0.12512,0.75975,0.51859,0.37173
4.1589e+05,-8.9334,10.344,0.53218,60.245,-19.204,67.073,-0.11828,-0.88731,1.0305,0.11195,0.76888,0.51399,0.36345
4.1591e+05,-7.287,11.578,0.72966,34.206,-9.9422,113.54,-0.096774,-0.92997,1.0188,0.0985,0.78007,0.50314,0.35867
4.1593e+05,-7.1545,11.721,0.057709,22.737,-7.6437,159.33,-0.048387,-0.90313,1.0078,0.083918,0.79372,0.48654,0.35532
4.1594e+05,-7.0276,12.031,-0.41984,22.363,1.7316,197.27,0.021505,-0.84436,1.014,0.067038,0.80885,0.46534,0.35317
4.1596e+05,-7.9303,12.2,-1.1501,10.069,4.4267,223.12,0.1129,-0.8496,1.0027,0.050391,0.82458,0.44004,0.35198
4.1597e+05,-8.4392,8.9029,-1.164,-33.248,10.29,240.88,0.17204,-0.7587,1.0036,0.037401,0.84003,0.40984,0.35354
4.1599e+05,-9.3034,2.859,-2.5223,-82.469,13.839,261.18,0.22043,-0.68362,0.98193,0.028804,0.85524,0.37392,0.35766
4.16e+05,-11.096,-3.2495,-0.78201,-50.88,7.4338,266.92,0.32796,-0.55562,1.0169,0.016712,0.87039,0.33763,0.35798
4.1602e+05,-12.758,-4.6324,0.47669,78.724,-1.5789,247.13,0.34409,-0.57696,1.0111,-0.0090255,0.88419,0.30926,0.34999
4.1604e+05,-15.837,-4.3289,3.6417,134.66,11.292,232.07,0.43011,-0.50165,0.96689,-0.040463,0.89541,0.28459,0.34001
4.1605e+05,-19.998,-1.1675,7.7281,76.781,2.361,175.92,0.46237,-0.42679,0.96764,-0.061051,0.9041,0.26367,0.33068
4.1607e+05,-15.487,-0.29195,8.8302,0.14279,-19.285,105.11,0.46774,-0.38368,0.93437,-0.068438,0.91123,0.2473,0.32222
4.1608e+05,-10.879,-5.5196,6.9324,-5.7477,-7.7747,48.889,0.5,-0.34625,0.93474,-0.073043,0.91579,0.23664,0.31623
4.161e+05,-10.441,-12.285,9.5077,-37.073,-22.293,-31.097,0.47849,-0.35711,0.95149,-0.067528,0.91895,0.2349,0.30949
4.1611e+05,-6.537,-18.233,7.0535,-22.837,-37.531,-112.18,0.45161,-0.44232,0.91693,-0.057731,0.91975,0.24347,0.3024
4.1613e+05,-2.4708,-18.006,5.4338,73.767,-50.445,-193.26,0.3871,-0.45881,0.9617,-0.057054,0.91689,0.26497,0.29299
4.1614e+05,-6.537,-18.233,7.0535,146.78,-53.066,-257.76,0.32258,-0.54904,0.89339,-0.062124,0.91051,0.29923,0.27851
4.1616e+05,3.896,-8.5629,1.6521,159.84,-43.048,-310.92,0.17204,-0.6772,0.87525,-0.073988,0.89768,0.34024,0.27006
4.1618e+05,4.9605,-3.6902,0.80788,131.06,-3.7634,-349.07,0.096774,-0.68756,0.84144,-0.082563,0.87959,0.38478,0.2673
4.1619e+05,3.4651,2.1528,-0.83539,70.224,31.278,-374.14,-0.069892,-0.80992,0.77842,-0.083504,0.85732,0.42904,0.27194
4.1621e+05,-0.19065,3.1981,-1.7049,-92.456,52.837,-393.59,-0.17204,-0.86795,0.69919,-0.064924,0.83281,0.46817,0.28815
4.1622e+05,-4.6538,-3.7746,-0.36139,-227.98,41.763,-417.13,-0.33871,-0.94326,0.74338,-0.029276,0.80603,0.50281,0.31086
4.1624e+05,-7.4777,-8.4449,-2.0146,-157.68,2.6383,-423.81,-0.58602,-0.96527,0.80495,0.0005453,0.77734,0.5396,0.32339
4.1625e+05,-7.0743,-8.1678,1.1729,-156.61,-23.078,-411.49,-0.66129,-0.98649,0.78789,0.03116,0.74829,0.57368,0.33163
4.1627e+05,-7.194,-9.8965,4.4074,-175.8,-33.605,-379.37,-0.88172,-1.0244,0.83245,0.062073,0.71982,0.60227,0.33953
4.1629e+05,-12.042,-9.739,6.975,-156.14,-43.997,-324.16,-1.0054,-1.0145,0.91682,0.089143,0.69514,0.62571,0.34253
4.163e+05,-12.81,-10.07,5.1808,-65.453,-53.703,-238.87,-1.1882,-0.97213,0.95657,0.10404,0.67786,0.64457,0.33795
4.1632e+05,-4.5447,-8.1179,3.5842,-135.49,-10.501,-128.97,-1.3172,-0.98328,1.0014,0.11644,0.66626,0.64964,0.34714
4.1633e+05,-0.40488,-18.767,4.3264,-68.327,30.802,-13.342,-1.3387,-0.95131,1.013,0.11309,0.66361,0.64729,0.35757
4.1635e+05,-2.1517,-18.632,-1.1717,82.963,38.225,79.008,-1.3441,-0.96245,1.0578,0.090968,0.67109,0.6436,0.35658
4.1636e+05,-3.6447,-15.041,15.054,-2.6877,134.42,233.83,-1.3065,-1.0266,1.0515,0.060451,0.68602,0.62306,0.37083
4.1638e+05,-24.209,11.679,-15.258,129.81,120.01,363.06,-1.2043,-1.1179,1.0956,0.01684,0.71182,0.59543,0.37214
4.1639e+05,-11.09,2.2777,14.803,-336.05,53.337,224.12,-1.1129,-1.1126,1.0956,0.028426,0.72804,0.55562,0.40054
4.1641e+05,-8.7104,-25.03,6.4698,-332.54,135.08,213.39,-1.0161,-1.1034,1.253,0.037021,0.73629,0.51635,0.43576
4.1643e+05,-6.1906,-24.943,-0.88965,446.84,43.499,159.53,-0.83333,-1.0399,1.3211,-0.023169,0.74774,0.52527,0.40552
4.1644e+05,-10.82,-5.0481,4.9618,17.158,98.32,175.82,-0.77957,-1.1033,1.2362,-0.045968,0.75785,0.50701,0.40805
4.1646e+05,-13.456,-11.875,13.072,73.428,47.144,108.69,-0.67742,-1.0705,1.1691,-0.06378,0.7652,0.49993,0.40059
4.1647e+05,-12.256,-17.271,12.404,-54.42,56.063,68.105,-0.63978,-1.0706,1.1803,-0.065024,0.76983,0.49013,0.40362
4.1649e+05,-20.287,-11.809,8.2212,143.53,21.579,46.058,-0.5,-1.0602,1.2085,-0.084118,0.77335,0.49361,0.38885
4.165e+05,-20.928,-3.4948,6.5991,4.3036,6.8643,39.018,-0.41935,-1.0868,1.197,-0.088261,0.77884,0.48962,0.38195
4.1652e+05,-20.851,-4.8522,3.3936,2.2859,-9.7464,37.455,-0.37634,-1.0438,1.175,-0.091093,0.78506,0.48571,0.37345
4.1654e+05,-20.795,-0.74826,1.5918,42.08,-18.079,38.991,-0.30108,-0.95862,1.2095,-0.098528,0.79104,0.48339,0.36178
4.1655e+05,-17.836,4.0104,-0.58404,54.874,-16.761,44.124,-0.28495,-1.0014,1.2091,-0.10843,0.79668,0.48045,0.35031
4.1657e+05,-14.158,8.2776,-0.45639,72.058,-13.153,40.052,-0.20968,-0.93695,1.1816,-0.12068,0.80123,0.47828,0.33869
4.1658e+05,-10.763,9.7938,0.098746,73.485,-10.321,48.791,-0.18817,-0.92626,1.1817,-0.13389,0.8059,0.47475,0.32742
4.166e+05,-7.8049,10.347,0.13386,77.353,-7.764,74.161,-0.15591,-0.88314,1.1485,-0.14898,0.81169,0.46811,0.31598
4.1661e+05,-6.988,12.659,0.29767,46.293,2.5007,126.66,-0.075269,-0.83496,1.1433,-0.16344,0.82059,0.45378,0.3066
4.1663e+05,-7.3256,13.048,0.11746,2.2829,5.9319,172.4,-0.064516,-0.84577,1.1545,-0.17487,0.83265,0.43194,0.29923
4.1664e+05,-7.2736,10.047,-0.98432,11.709,11.358,206.59,-0.048387,-0.79207,1.1325,-0.18906,0.84556,0.40589,0.29074
4.1666e+05,-7.7305,9.8036,-1.5094,32.544,13.54,229.57,0.016129,-0.79207,1.1325,-0.20642,0.85811,0.3773,0.28051
4.1668e+05,-8.5153,8.7285,-2.0943,3.1335,15.171,251.62,0.12366,-0.74373,1.1105,-0.22092,0.87137,0.34423,0.27096
4.1669e+05,-10.325,2.9664,-2.0856,-41.805,17.957,273.5,0.21505,-0.64202,1.1003,-0.23036,0.88587,0.30584,0.26196
4.1671e+05,-11.673,-1.5139,-0.52946,7.9796,16.063,273.05,0.25806,-0.58844,1.0896,-0.24418,0.89792,0.26833,0.24924
4.1672e+05,-12.481,-2.0677,0.38463,75.496,7.385,253.71,0.36022,-0.54566,1.09,-0.26412,0.90593,0.23459,0.23344
4.1674e+05,-15.1,-3.7504,3.8476,92.973,20.24,238.91,0.3871,-0.48105,1.0458,-0.28315,0.91159,0.2026,0.2186
4.1675e+05,-20.405,-2.2184,6.3159,37.055,4.5618,185.72,0.47849,-0.43793,1.0125,-0.29241,0.91733,0.17582,0.20516
4.1677e+05,-14.752,-2.8221,6.4869,-7.127,-30.983,122.18,0.44086,-0.40585,1.0128,-0.29204,0.92372,0.15641,0.19233
4.1679e+05,-8.5617,-8.1421,5.6522,27.87,-12.663,61.347,0.47849,-0.40045,1.0072,-0.2919,0.92638,0.14564,0.18818
4.168e+05,-8.1962,-13.701,7.022,1.2379,-21.595,-15.092,0.48925,-0.36848,1.0188,-0.28505,0.92861,0.14624,0.18719
4.1682e+05,-5.3932,-16.531,5.0338,42.485,-35.911,-97.94,0.43011,-0.38958,0.99049,-0.28069,0.92746,0.15979,0.18841
4.1683e+05,-2.1287,-14.017,3.2,92.636,-41.283,-178.5,0.39785,-0.47463,0.93907,-0.28114,0.92178,0.18463,0.19285
4.1685e+05,0.067821,-10.218,2.3202,88.124,-31.469,-248.4,0.34946,-0.51763,0.96112,-0.28039,0.9129,0.21706,0.20218
4.1686e+05,0.75296,-8.0422,1.3126,56.779,-16.98,-310.87,0.24194,-0.62418,0.92072,-0.27553,0.90111,0.2552,0.21671
4.1688e+05,0.44327,-5.7393,-0.016816,44.257,0.55043,-360.16,0.064516,-0.8111,0.89638,-0.27031,0.88555,0.29667,0.23393
4.1689e+05,-0.57523,-2.5354,-0.69376,10.002,18.581,-391.94,0,-0.84285,0.86236,-0.2617,0.868,0.33839,0.25215
4.1691e+05,-1.8536,-2.7206,-1.7445,-66.765,27.135,-419.88,-0.1828,-0.95497,0.84438,-0.24192,0.84971,0.37949,0.27468
4.1693e+05,-3.1861,-4.3741,-2.3648,-125.32,15.433,-444.27,-0.26882,-0.99819,0.88889,-0.21247,0.83038,0.4202,0.29792
4.1694e+05,-5.4734,-4.4577,-4.8222,-129.32,0.065687,-445.89,-0.55914,-1.1485,0.94357,-0.1814,0.80828,0.46093,0.31831
4.1696e+05,-7.9271,-5.1291,1.3273,-176.84,-40.67,-446.92,-0.65054,-1.0415,0.94464,-0.14075,0.78822,0.49877,0.33184
4.1697e+05,-10.995,-9.7907,2.2259,-181.16,-64.249,-414.91,-0.87634,-1.0315,1.0065,-0.099056,0.76904,0.53313,0.33844
4.1699e+05,-12.514,-13.784,7.3033,-171.66,-81.59,-348.48,-1.129,-1.0266,1.0571,-0.059415,0.75136,0.56206,0.34061
4.17e+05,-11.153,-14.922,7.8597,-78.534,-70.337,-258.09,-1.2097,-1.0109,1.091,-0.037886,0.73702,0.58485,0.33663
4.1702e+05,-5.4646,-12.149,5.8118,-7.7334,-30.59,-150.53,-1.371,-0.9683,1.1083,-0.035388,0.72723,0.5984,0.33437
4.1704e+05,0.051694,-19.149,5.1825,39.963,17.496,-30.521,-1.4194,-0.96267,1.0803,-0.045821,0.72287,0.60166,0.33669
4.1705e+05,-1.1829,-20.721,3.8412,170.91,40.489,55.732,-1.4355,-1.0379,1.1132,-0.074244,0.72307,0.60208,0.33039
4.1707e+05,-2.8478,-10.639,1.323,157.82,64.848,130.92,-1.3763,-1.0159,1.0516,-0.10818,0.72898,0.59359,0.32332
4.1708e+05,-16.953,6.9618,-7.0397,197.81,149.97,275.47,-1.3441,-1.0797,1.0173,-0.15555,0.74161,0.57104,0.31582
4.171e+05,-24.866,22.09,8.7795,-289.12,-48.868,254.49,-1.2151,-1.0954,0.98343,-0.13484,0.77011,0.5325,0.32432
4.1711e+05,-3.3441,-24.337,2.2654,-350.48,142.56,181.51,-1.1075,-1.0966,1.1014,-0.11199,0.7803,0.49505,0.3654
4.1713e+05,-8.0783,-24.93,-4.1012,156.91,44.447,199.35,-0.98925,-1.0877,1.2813,-0.13788,0.78873,0.48112,0.35695
4.1714e+05,-14.6,-9.8887,9.6346,262.65,46.116,176,-0.93011,-1.1234,1.1067,-0.17567,0.79562,0.47352,0.33454
4.1716e+05,-12.61,-4.5356,11.684,62.851,44.452,134.3,-0.82258,-1.1503,1.1233,-0.18931,0.80431,0.4596,0.32559
4.1718e+05,-11.582,-10.732,11.596,-126.82,43.042,107.03,-0.6828,-1.1505,1.1458,-0.17829,0.81532,0.44069,0.33054
4.1719e+05,-16.344,-20.005,7.3353,101.4,19.19,56.249,-0.63978,-1.0757,1.1578,-0.18774,0.81751,0.43936,0.32156
4.1721e+05,-18.931,-5.5353,6.5505,37.32,3.9408,54.748,-0.55376,-1.0648,1.1298,-0.19275,0.8232,0.43358,0.31176
4.1722e+05,-18.753,-4.506,2.5746,21.437,-5.6245,38.225,-0.51075,-1.0381,1.1357,-0.19575,0.82864,0.42853,0.30232
4.1724e+05,-19.805,-4.3717,0.28835,46.853,-10.056,45.514,-0.45699,-1.0276,1.1526,-0.20214,0.83376,0.42356,0.29082
4.1725e+05,-17.283,2.287,1.5729,69.795,-8.5225,44.794,-0.36022,-1.0379,1.1132,-0.21259,0.83754,0.41878,0.27921
4.1727e+05,-14.813,5.9524,-0.29342,85.371,-13.289,38.995,-0.33871,-1.0058,1.1192,-0.22524,0.83999,0.41496,0.26738
4.1729e+05,-12.555,7.663,0.40891,62.058,-10.516,49.02,-0.30108,-0.93588,1.0749,-0.23586,0.84333,0.40864,0.25726
4.173e+05,-10.583,10.586,0.37352,60.434,-9.8794,66.831,-0.25806,-1.0164,1.1022,-0.24716,0.84716,0.39997,0.24751
4.1732e+05,-8.3031,11.407,-0.18583,45.625,-5.7418,91.839,-0.23118,-1.0266,1.0571,-0.25792,0.8522,0.38748,0.23894
4.1733e+05,-6.6832,11.787,-0.045345,31.064,8.4236,136.42,-0.16667,-0.94641,1.058,-0.2693,0.85921,0.36845,0.23126
4.1735e+05,-7.2019,11.101,-0.27426,33.526,14.951,182.74,-0.1129,-0.89828,1.0584,-0.28268,0.86766,0.34337,0.22216
4.1736e+05,-8.2704,11.007,-0.41842,42.549,17.397,220.92,-0.021505,-0.81763,1.0143,-0.29826,0.87654,0.31347,0.21086
4.1738e+05,-9.3118,11.637,0.13169,13.774,13.968,248.34,0.016129,-0.88213,1.0474,-0.31068,0.88658,0.27903,0.19897
4.1739e+05,-10.374,7.2188,-0.54963,-28.477,8.2788,263.97,0.12366,-0.73191,0.9983,-0.31778,0.89786,0.24104,0.18646
4.1741e+05,-10.975,2.8746,-0.87619,-23.21,-0.39884,272.83,0.22043,-0.74801,1.0038,-0.32483,0.90787,0.20149,0.17225
4.1743e+05,-11.739,-1.0088,0.11348,-9.7107,7.1945,280.72,0.23656,-0.66251,1.0102,-0.33075,0.91672,0.15906,0.15789
4.1744e+05,-13.795,-3.0557,2.7472,13.742,11.989,271.85,0.34409,-0.61422,0.99386,-0.33544,0.92332,0.11863,0.14456
4.1746e+05,-17.408,-5.162,6.1116,14.612,0.66687,222.98,0.3871,-0.5285,0.97786,-0.33695,0.92819,0.086631,0.13199
4.1747e+05,-17.004,-5.7,6.6525,8.2046,3.6012,177.02,0.43548,-0.46957,0.96721,-0.33613,0.93175,0.060267,0.1234
4.1749e+05,-11.894,-6.6899,4.6575,27.102,-3.1912,114.49,0.45161,-0.41092,0.98465,-0.33619,0.93305,0.043456,0.12042
4.175e+05,-9.3365,-9.1325,5.1286,60.245,-19.378,36.368,0.47849,-0.3996,0.92297,-0.33886,0.93235,0.038657,0.12002
4.1752e+05,-5.7736,-12.377,6.3125,-6.3084,-26.354,-41.555,0.37634,-0.47992,0.9334,-0.33143,0.93435,0.044277,0.12324
4.1754e+05,-2.6158,-15.673,4.8894,31.177,-26.431,-120.79,0.40323,-0.50643,0.91067,-0.3276,0.93377,0.061069,0.13044
4.1755e+05,-1.2149,-13.022,4.6046,64.139,-36.065,-198.1,0.37097,-0.52247,0.91051,-0.32671,0.93049,0.088649,0.13994
4.1757e+05,-0.88895,-8.8386,2.481,70.095,-35.938,-264.82,0.34409,-0.55439,0.89333,-0.32603,0.92459,0.12434,0.15292
4.1758e+05,0.41383,-6.3489,1.1575,45.441,-29.124,-319.27,0.15591,-0.67698,0.85278,-0.32194,0.91645,0.16642,0.16962
4.176e+05,0.58108,-4.5586,-0.8711,36.87,-12.85,-365.16,0.080645,-0.76231,0.82946,-0.31717,0.90466,0.21215,0.18968
4.1761e+05,-0.613,-2.8002,-1.0823,-5.4783,10.755,-396.64,-0.05914,-0.85337,0.8454,-0.30676,0.89116,0.25705,0.21368
4.1763e+05,-2.1188,-3.7099,-0.6366,-81.76,14.755,-421.45,-0.25269,-0.9387,0.82207,-0.28422,0.87828,0.30017,0.24031
4.1764e+05,-4.8707,-5.45,-1.3321,-115.74,-5.4835,-441.59,-0.3871,-0.96566,0.84428,-0.25382,0.86467,0.34339,0.26459
4.1766e+05,-5.0585,-4.5365,-3.8429,-68.209,-34.122,-440.51,-0.56452,-1.0356,0.88852,-0.22869,0.84687,0.38894,0.28151
4.1768e+05,-4.6434,-3.8548,1.5656,-138.36,-30.542,-441.63,-0.67742,-1.0517,0.89398,-0.19325,0.82919,0.42986,0.30053
4.1769e+05,-10.457,-10.327,3.9247,-195.93,-54.765,-395.15,-0.90323,-1.0464,0.89403,-0.14519,0.81531,0.4642,0.31417
4.1771e+05,-12.246,-13.981,6.6293,-150.45,-58.104,-320.67,-1.1505,-0.97236,0.97904,-0.10646,0.80129,0.49381,0.32055
4.1772e+05,-10.701,-13.131,6.0749,-45.007,-56.728,-230.01,-1.2419,-0.97827,1.0352,-0.090405,0.79045,0.51599,0.31744
4.1774e+05,-4.5345,-10.539,5.4878,-12.287,-11.68,-119.09,-1.3763,-0.99943,1.0125,-0.089957,0.78205,0.52635,0.32134
4.1775e+05,0.28242,-18.386,4.7105,31.118,27.547,-19.062,-1.414,-0.96206,1.0185,-0.097494,0.77677,0.52826,0.32873
4.1777e+05,-0.39478,-17.892,2.1786,161.22,49.976,65.031,-1.3817,-0.97821,1.0295,-0.1245,0.77468,0.52626,0.32775
4.1779e+05,-2.6384,-9.0538,0.30476,168.89,54.078,114.87,-1.3871,-1.079,0.94988,-0.15696,0.77644,0.51835,0.32222
4.178e+05,-10.61,10.42,15.673,117.77,143.95,230.68,-1.3548,-1.0257,0.96727,-0.19308,0.78486,0.49425,0.32006
4.1782e+05,-24.716,23.234,0.68397,-328.8,-33.64,303.17,-1.1989,-1.1489,0.98289,-0.17025,0.81533,0.44603,0.32759
4.1783e+05,-5.5931,-24.903,0.53842,-419.79,139.91,242.15,-1.0914,-1.139,1.0616,-0.13663,0.83056,0.39726,0.36564
4.1785e+05,-1.7149,-24.986,7.8776,210.55,36.6,184.9,-1,-1.1298,1.219,-0.16614,0.83465,0.38689,0.35507
4.1786e+05,-17.148,-10.237,0.47314,188.18,58.267,186.78,-0.89785,-1.1346,1.1572,-0.19839,0.84043,0.37177,0.34076
4.1788e+05,-12.368,-14.338,11.721,65.432,47.323,112.76,-0.79032,-1.1017,1.0789,-0.20834,0.84474,0.36066,0.33607
4.1789e+05,-8.2133,-12.496,13.299,42.11,37.288,79.869,-0.69355,-1.1764,1.0613,-0.21327,0.84855,0.35181,0.33274
4.1791e+05,-17.515,-13.509,10.208,23.158,17.842,46.744,-0.64516,-1.1551,1.0727,-0.21414,0.85248,0.34659,0.32758
4.1793e+05,-20.332,-7.9229,7.3199,99.514,-1.2473,34.004,-0.53763,-1.1069,1.062,-0.22434,0.85475,0.34569,0.31555
4.1794e+05,-20.019,-3.9118,4.086,-0.30959,-7.5548,34.076,-0.49462,-1.0962,1.0677,-0.22419,0.86024,0.33953,0.30731
4.1796e+05,-19.358,-1.7126,0.68086,100.29,-16.379,29.408,-0.42473,-1.0641,1.0624,-0.2368,0.86229,0.33774,0.29379
4.1797e+05,-18.613,2.3203,0.57201,62.771,-19.748,38.166,-0.37634,-1.0263,1.0291,-0.24598,0.86551,0.33298,0.28197
4.1799e+05,-13.985,7.7054,0.84081,88.88,-17.383,32.301,-0.32258,-1.0585,1.04,-0.25922,0.86666,0.32929,0.27068
4.18e+05,-12.611,7.4744,0.92453,82.679,-19.804,40.048,-0.25806,-1.0208,1.0123,-0.27189,0.86821,0.32413,0.25929
4.1802e+05,-10.437,8.3879,0.77469,80.041,-23.731,52.968,-0.24731,-1.0105,1.0461,-0.28469,0.87012,0.3171,0.24758
4.1804e+05,-7.7397,9.9278,0.69658,57.694,-16.854,77.854,-0.23118,-1.0047,1.0068,-0.29618,0.87309,0.30579,0.23766
4.1805e+05,-6.0206,10.243,0.12657,52.335,-6.912,117.21,-0.21505,-1.0098,0.97867,-0.30882,0.87691,0.28901,0.22831
4.1807e+05,-5.3345,10.054,0.25201,33.222,4.1035,154.98,-0.17204,-0.87088,0.99129,-0.32069,0.88216,0.26614,0.21937
4.1808e+05,-6.7214,9.6961,0.49963,15.823,7.722,188.94,-0.032258,-0.93988,0.94004,-0.33171,0.88839,0.23842,0.20949
4.181e+05,-7.3874,9.7735,0.62627,-0.21186,2.0787,219.75,0.010753,-0.88129,0.9631,-0.34132,0.89543,0.20643,0.1977
4.1811e+05,-7.0498,9.1088,-0.85893,-37.745,-0.59759,243.55,0.053763,-0.81679,0.93003,-0.34694,0.90325,0.17067,0.18613
4.1813e+05,-7.3843,4.0202,-0.86497,-75.358,2.6097,268.81,0.15054,-0.76365,0.96427,-0.34772,0.91184,0.12968,0.17558
4.1814e+05,-8.6689,0.30801,-0.44505,-40.684,3.2697,277.87,0.21505,-0.64591,0.95422,-0.34952,0.91802,0.086714,0.16598
4.1816e+05,-10.039,-0.56178,-0.20239,4.5869,12.244,276.61,0.32796,-0.56609,0.99434,-0.35463,0.92053,0.044832,0.15765
4.1818e+05,-12.508,-3.111,2.2534,31.469,7.0263,269.33,0.38172,-0.51769,0.96673,-0.35997,0.92122,0.0063924,0.14741
4.1819e+05,-20.856,-3.5917,9.0447,10.099,18.675,218.17,0.44624,-0.47992,0.9334,-0.36105,0.92203,-0.02615,0.13718
4.1821e+05,-20.88,-2.4278,6.044,-40.144,-32.547,140.03,0.47849,-0.4372,0.93945,-0.35477,0.92532,-0.047862,0.12502
4.1822e+05,-10.173,-5.9873,5.6336,0.20105,-24.066,89.722,0.46237,-0.37326,0.96256,-0.35137,0.92635,-0.059979,0.12173
4.1824e+05,-10.875,-10.249,7.9213,24.222,-11.469,15.414,0.49462,-0.33594,0.97417,-0.34904,0.92692,-0.062477,0.12286
4.1825e+05,-8.8393,-13.152,6.3704,13.402,-44.825,-68.961,0.48387,-0.3996,0.92297,-0.344,0.9292,-0.052608,0.12444
4.1827e+05,-4.7827,-14.241,4.6893,33.63,-46.574,-145.09,0.44624,-0.47469,0.94469,-0.34039,0.93062,-0.032133,0.13057
4.1829e+05,-1.944,-13.768,4.0838,65.244,-47.284,-215.6,0.39247,-0.46388,0.93356,-0.33951,0.93007,-0.0017758,0.14032
4.183e+05,-1.8564,-9.6713,3.0775,72.578,-46.554,-279.18,0.26882,-0.55444,0.89895,-0.33842,0.92768,0.036687,0.15341
4.1832e+05,-1.285,-5.0791,0.52672,61.115,-39.284,-333.43,0.22581,-0.62396,0.89825,-0.33579,0.92283,0.081068,0.17046
4.1833e+05,-0.95065,-1.3942,-1.7704,2.6359,-12.148,-372.94,0.048387,-0.77885,0.87985,-0.32706,0.91635,0.1276,0.19248
4.1835e+05,-2.1317,-2.0008,-2.0534,-97.69,7.0285,-399.17,-0.091398,-0.8644,0.879,-0.30456,0.91091,0.17209,0.2188
4.1836e+05,-5.0964,-6.0146,-2.4123,-149.2,2.7993,-420.76,-0.2043,-0.92294,0.85032,-0.2719,0.90543,0.21474,0.24527
4.1838e+05,-7.7136,-6.7592,-1.3014,-125.75,-38.368,-436.37,-0.43548,-0.94528,0.9456,-0.23694,0.89862,0.25921,0.26298
4.1839e+05,-5.4631,-5.3283,-0.68623,-108.63,-42.852,-431.33,-0.54839,-0.9665,0.92854,-0.20556,0.88773,0.30289,0.27917
4.1841e+05,-7.8842,-6.9698,2.5141,-189.64,-58.629,-406.45,-0.80645,-1.0522,0.94453,-0.16165,0.87892,0.33945,0.2935
4.1843e+05,-9.7849,-10.713,4.2408,-165.16,-70.919,-363.62,-0.96774,-1.0101,1.0068,-0.12015,0.86932,0.37293,0.30128
4.1844e+05,-11.285,-15.799,7.6689,-87.769,-69.622,-293.08,-1.1505,-0.962,1.0129,-0.090004,0.85862,0.40373,0.30277
4.1846e+05,-6.287,-12.184,4.7791,32.268,-44.149,-198.41,-1.2419,-0.98913,1.0519,-0.0874,0.84809,0.42543,0.30351
4.1847e+05,-1.8226,-13.251,7.3914,45.353,2.3353,-89.576,-1.3441,-0.97787,0.99584,-0.092184,0.84044,0.43565,0.3088
4.1849e+05,0.3551,-17.055,3.4234,88.509,25.1,8.5748,-1.371,-0.88697,0.99675,-0.10618,0.83651,0.4368,0.31334
4.185e+05,-0.23256,-15.277,-1.8177,183.81,52.47,95.359,-1.3763,-0.90847,1.0078,-0.13723,0.83483,0.4312,0.31353
4.1852e+05,-4.0982,-8.7183,15.294,130.4,123,194.92,-1.3172,-0.97742,0.9509,-0.1663,0.83776,0.40976,0.32032
4.1854e+05,-24.384,19.758,-13.552,68.164,169.48,454.5,-1.2097,-1.0682,0.93876,-0.20579,0.8528,0.35429,0.32383
4.1855e+05,-4.8987,-4.8505,8.2037,-388.26,78.229,222.02,-1.1452,-1.079,0.94427,-0.16932,0.87183,0.30335,0.34528
4.1857e+05,-8.3087,-24.83,-13.115,-139.93,70.611,258.51,-1.0215,-1.1239,1.1573,-0.16265,0.88012,0.26489,0.35883
4.1858e+05,1.1543,-25.047,16.857,237.68,126.67,185.29,-0.9086,-1.0917,1.1464,-0.19846,0.87564,0.25256,0.36067
4.186e+05,-13.412,-11,15.864,165.95,61.19,143.56,-0.73656,-1.1286,1.0955,-0.22348,0.87574,0.24143,0.35333
4.1861e+05,-11.503,-8.6502,9.6177,11.123,47.625,113.01,-0.62366,-1.107,1.0788,-0.22848,0.87988,0.22578,0.35019
4.1863e+05,-16.21,-14.499,10.536,-26.663,45.776,78.63,-0.56989,-1.0906,1.0397,-0.22608,0.88395,0.21327,0.34934
4.1864e+05,-21.499,-12.916,6.704,88.708,11.656,52.888,-0.48387,-1.0483,1.085,-0.23645,0.88543,0.20996,0.34063
4.1866e+05,-19.389,-6.8579,4.2074,28.742,7.7556,51.432,-0.44086,-1.0322,1.0852,-0.24104,0.88887,0.20284,0.33266
4.1868e+05,-22.17,-3.9252,0.83543,52.883,-2.4896,46.921,-0.34409,-1.0217,1.1021,-0.24969,0.8915,0.19695,0.32264
4.1869e+05,-20.155,0.81601,1.903,54.832,-14.088,47.601,-0.34409,-1.0212,1.0516,-0.25915,0.89414,0.19066,0.31147
4.1871e+05,-16.253,3.9673,1.6482,98.28,-16.582,41.675,-0.27419,-0.96267,1.0803,-0.27442,0.89459,0.18645,0.29941
4.1872e+05,-13.598,6.3684,2,77.793,-19.909,36.293,-0.19892,-0.9087,1.0302,-0.28731,0.89524,0.1816,0.28813
4.1874e+05,-10.061,7.5838,1.0716,90.889,-23.85,37.169,-0.1828,-0.93009,1.03,-0.30237,0.89478,0.17664,0.27701
4.1875e+05,-8.9341,8.389,0.94636,53.227,-26.766,61.142,-0.13978,-0.90875,1.0359,-0.31376,0.89607,0.16713,0.26585
4.1877e+05,-7.6267,9.9742,1.0476,20.106,-19.287,101.48,-0.1129,-0.94613,1.0299,-0.32301,0.89867,0.15099,0.25544
4.1879e+05,-7.2087,9.9704,0.63003,13.991,-9.887,136.41,-0.05914,-0.83891,1.0028,-0.33293,0.90127,0.12975,0.245
4.188e+05,-7.1212,10.108,0.40336,16.845,-4.8143,170.96,-0.010753,-0.79613,1.0033,-0.34433,0.90328,0.10387,0.23396
4.1882e+05,-7.0166,12.448,-0.57219,20.896,-5.152,202.65,0.032258,-0.75859,0.99241,-0.35726,0.90413,0.074495,0.22218
4.1883e+05,-7.6377,11.194,-0.21745,-61.58,3.2733,235.06,0.11828,-0.76399,0.99798,-0.3604,0.90778,0.03766,0.21127
4.1885e+05,-8.3361,5.7818,-1.146,-102,6.7616,261.89,0.16667,-0.68924,1.01,-0.35706,0.91203,-0.0049584,0.20173
4.1886e+05,-9.2402,-0.11092,-0.58749,-81.511,11.917,276.97,0.25806,-0.60408,1.0501,-0.35163,0.91466,-0.047813,0.19357
4.1888e+05,-11.359,-1.6454,-0.47945,-0.74379,17.675,267.69,0.2957,-0.55056,1.0451,-0.35499,0.91197,-0.086901,0.18642
4.1889e+05,-12.742,-4.5994,-0.36618,67.915,20.939,255.24,0.37634,-0.5129,1.023,-0.36527,0.90508,-0.12164,0.18061
4.1891e+05,-17.576,-3.5945,6.5112,91.707,16.855,206.86,0.42473,-0.42713,1.0013,-0.37672,0.89752,-0.14921,0.174
4.1893e+05,-18.276,-2.959,4.4503,71.019,-0.8177,138.29,0.41935,-0.43214,0.96759,-0.38436,0.89191,-0.16807,0.16887
4.1894e+05,-11.144,-3.9349,6.7408,27.003,-15.967,80.648,0.48925,-0.35739,0.97957,-0.38469,0.89029,-0.17817,0.16632
4.1896e+05,-9.8461,-8.6367,6.261,52.997,8.3005,20.635,0.47849,-0.38919,0.95116,-0.38566,0.88843,-0.18117,0.17068
4.1897e+05,-8.8727,-11.411,6.5683,34.097,-26.314,-60.095,0.46237,-0.37793,0.8951,-0.38298,0.89052,-0.17274,0.17452
4.1899e+05,-4.7421,-13.785,5.4412,26.659,-28.606,-134.99,0.39247,-0.44756,0.90564,-0.37744,0.89455,-0.1548,0.18262
4.19e+05,-2.5776,-13.955,3.9311,50.334,-32.208,-207.18,0.36022,-0.50638,0.90505,-0.37291,0.89824,-0.12701,0.19485
4.1902e+05,-1.6026,-10.25,3.9297,37.259,-30.778,-275.93,0.24731,-0.63977,0.87562,-0.36476,0.90233,-0.091389,0.2107
4.1904e+05,-1.0014,-5.5631,1.6452,19.726,-25.39,-334.42,0.19355,-0.63955,0.85316,-0.35284,0.90555,-0.049691,0.23026
4.1905e+05,-1.4555,-3.0592,0.81027,-48.54,-9.5115,-383.78,0.037634,-0.80469,0.78971,-0.33108,0.90888,-0.0054903,0.25357
4.1907e+05,-2.5414,-5.1486,0.12792,-119.66,5.4822,-417.21,-0.14516,-0.85287,0.79484,-0.29671,0.91263,0.039549,0.27838
4.1908e+05,-4.5014,-9.009,0.057667,-146.86,-4.4093,-444.66,-0.25269,-0.94416,0.83326,-0.25497,0.91551,0.086971,0.29879
4.191e+05,-7.0897,-8.7888,-0.15878,-81.95,-39.466,-462.34,-0.51075,-0.97636,0.84417,-0.22008,0.91425,0.13869,0.31059
4.1911e+05,-5.9064,-5.2823,0.37004,-74,-44.054,-470.63,-0.62903,-0.99797,0.86642,-0.18839,0.90905,0.18802,0.32061
4.1913e+05,-8.2827,-8.1509,3.1489,-120.3,-38.67,-441.09,-0.89247,-1.0731,0.88815,-0.14981,0.90292,0.23262,0.3289
4.1914e+05,-10.626,-9.832,4.2774,-135.65,-51.396,-389.36,-1.0108,-1.0359,0.91661,-0.11187,0.89674,0.27057,0.33186
4.1916e+05,-12.101,-14.206,7.3273,-83.573,-50.996,-310.89,-1.2043,-1.0148,0.94491,-0.082636,0.88977,0.30308,0.33109
4.1918e+05,-8.4692,-8.5662,4.2513,13.657,-39.554,-211.52,-1.3656,-1.0202,0.95047,-0.078966,0.88262,0.32508,0.33025
4.1919e+05,-3.6422,-11.222,6.3935,-21.45,4.8514,-99.285,-1.4032,-0.97742,0.9509,-0.076222,0.87706,0.33258,0.33816
4.1921e+05,0.92743,-18.701,1.5331,9.177,41.063,14.97,-1.4677,-0.94033,0.98498,-0.080687,0.87343,0.32927,0.34956
4.1922e+05,-1.9422,-21.036,-0.80809,176.04,58.53,88.571,-1.4247,-0.96723,1.0016,-0.10767,0.87019,0.32519,0.35417
4.1924e+05,-3.7194,-9.5538,-4.4339,177.86,46.207,131.93,-1.4032,-0.97236,0.97904,-0.14214,0.8695,0.31379,0.35399
4.1925e+05,-6.2315,7.8439,16.691,23.648,128.8,225.75,-1.3548,-1.1055,0.92715,-0.16547,0.8739,0.28079,0.36065
4.1927e+05,-24.594,24.65,-5.4934,-240.95,116.85,361.43,-1.2634,-1.1167,0.9776,-0.16179,0.88656,0.22014,0.37334
4.1929e+05,-3.4337,-24.413,8.589,-386.41,144.72,236.18,-1.129,-1.1504,1.1346,-0.12531,0.89373,0.16982,0.39585
4.193e+05,-6.4716,-24.93,-2.5068,68.33,46.235,221.82,-1.0538,-1.0924,1.2194,-0.14133,0.89572,0.14734,0.39498
4.1932e+05,-11.202,-14.764,3.0174,355.04,80.396,191.39,-0.95161,-1.0868,1.1914,-0.19397,0.88956,0.14121,0.38874
4.1933e+05,-12.88,-3.3339,9.5367,27.946,57.67,151.84,-0.86022,-1.1553,1.0896,-0.20552,0.89157,0.12081,0.38505
4.1935e+05,-6.734,-14.909,11.025,6.3811,29.013,106.43,-0.71505,-1.1875,1.1005,-0.20796,0.89411,0.10754,0.38178
4.1936e+05,-13.331,-14.813,11.911,20.333,23.766,73.725,-0.62366,-1.145,1.129,-0.21085,0.89627,0.09879,0.37747
4.1938e+05,-21.742,-9.4814,9.3263,71.649,-3.455,51.78,-0.55376,-1.1285,1.0842,-0.22031,0.89827,0.094869,0.3682
4.1939e+05,-18.212,-4.6414,5.6871,17.902,-9.5204,49.808,-0.48387,-1.0806,1.1128,-0.22433,0.9018,0.087595,0.35883
4.1941e+05,-19.003,-5.843,1.8841,18.224,-12.635,41.776,-0.47312,-1.0697,1.0848,-0.22827,0.90517,0.081052,0.34926
4.1943e+05,-20.627,-0.93071,1.7121,79.655,-19.791,50.802,-0.37097,-1.0962,1.0621,-0.24178,0.90644,0.075715,0.3379
4.1944e+05,-16.76,5.1509,1.0767,77.258,-14.401,46.078,-0.30108,-1.0429,1.0795,-0.25623,0.90648,0.069782,0.32829
4.1946e+05,-14.311,5.5936,0.72005,74.772,-14.406,45.612,-0.27419,-1.0263,1.0234,-0.27057,0.90606,0.063305,0.31913
4.1947e+05,-11.981,7.2683,0.21794,98.65,-16.998,52.439,-0.23656,-1.0106,1.0629,-0.28845,0.9042,0.056631,0.30987
4.1949e+05,-9.8462,10.582,0.27242,75.658,-14.215,72.878,-0.22581,-0.94095,1.0468,-0.30458,0.90246,0.046022,0.30112
4.195e+05,-7.9627,11.504,0.21613,50.009,-4.1685,112.26,-0.13978,-0.90847,1.0078,-0.31926,0.90079,0.028751,0.29296
4.1952e+05,-7.455,10.48,-0.56011,48.993,4.0057,151.26,-0.069892,-0.93521,1.0075,-0.33523,0.89803,0.0060272,0.28482
4.1954e+05,-7.9723,11.143,-0.32974,62.509,4.9453,186.71,-0.032258,-0.89755,0.98541,-0.35376,0.89365,-0.020872,0.27534
4.1955e+05,-8.6436,12.64,0.55803,25.062,1.1708,217.87,0.064516,-0.81707,0.95812,-0.36806,0.88994,-0.053258,0.26401
4.1957e+05,-9.1404,10.096,0.76859,-10.772,-0.36034,238.08,0.11828,-0.81178,0.96379,-0.37719,0.88666,-0.089822,0.25197
4.1958e+05,-9.3447,6.7908,-0.6159,-48.874,0.90727,253.71,0.17742,-0.76348,0.94742,-0.38032,0.88361,-0.12925,0.2406
4.196e+05,-10.229,0.9205,0.15992,-50.476,-1.2681,269.88,0.20968,-0.75268,0.93629,-0.38006,0.88027,-0.16867,0.22854
4.1961e+05,-11.208,-2.3753,1.9365,-7.0509,7.1303,269.78,0.30645,-0.58731,0.97727,-0.38269,0.87419,-0.20479,0.21772
4.1963e+05,-16.439,-4.1937,4.1551,-1.4358,1.7377,244.26,0.41935,-0.52247,0.91051,-0.38498,0.86793,-0.23718,0.20551
4.1964e+05,-18.706,-6.5278,7.2416,-4.4069,-10.938,194.03,0.44086,-0.48549,0.95582,-0.3852,0.86333,-0.2623,0.19362
4.1966e+05,-13.296,-6.455,6.5977,-10.841,-21.125,130.57,0.48925,-0.37309,0.94571,-0.38265,0.86123,-0.27811,0.18576
4.1968e+05,-10.182,-7.8003,3.9888,100.14,-11.394,60.675,0.46774,-0.38897,0.92869,-0.39072,0.8555,-0.28276,0.18841
4.1969e+05,-7.8517,-8.975,5.5064,44.168,-36.205,-17.76,0.43011,-0.41598,0.95651,-0.39094,0.8565,-0.27816,0.19026
4.1971e+05,-4.0359,-12.205,5.4882,14.782,-29.173,-90.653,0.39247,-0.49022,0.89397,-0.38521,0.86165,-0.26589,0.19614
4.1972e+05,-2.2912,-13.813,3.3932,45.041,-30.582,-166.69,0.39785,-0.49039,0.91083,-0.38089,0.86761,-0.24343,0.20717
4.1974e+05,-1.2059,-11.025,2.5524,67.714,-36.848,-235.18,0.22581,-0.62902,0.87011,-0.37746,0.87363,-0.21205,0.22209
4.1975e+05,0.002869,-7.6284,1.8635,47.695,-27.513,-292.33,0.17204,-0.60724,0.83101,-0.36939,0.88044,-0.17481,0.24048
4.1977e+05,-0.00057585,-4.2903,-0.23568,27.907,-14.713,-347.44,0.080645,-0.74103,0.8409,-0.35679,0.88662,-0.13241,0.26282
4.1979e+05,-0.86672,-2.3006,-1.2967,-26.591,11.255,-386.42,-0.053763,-0.83666,0.77815,-0.33559,0.89223,-0.089156,0.28871
4.198e+05,-2.6365,-3.6231,-1.3036,-87.529,15.637,-413.88,-0.17742,-0.87949,0.78334,-0.30376,0.89853,-0.046267,0.31341
4.1982e+05,-4.3696,-6.4894,-1.7712,-107.94,6.1877,-438.99,-0.39785,-1.0078,0.78206,-0.26602,0.90426,-0.0011498,0.33399
4.1983e+05,-6.6118,-6.4882,-2.9141,-73.299,-35.071,-443.81,-0.50538,-1.0028,0.8102,-0.23308,0.90806,0.045809,0.34496
4.1985e+05,-5.589,-4.4619,0.35732,-89.718,-45.502,-444.86,-0.75806,-1.0456,0.81539,-0.19803,0.90996,0.092056,0.35254
4.1986e+05,-8.2165,-7.1788,3.5689,-155.9,-58.504,-414.26,-0.87634,-1.0937,0.80929,-0.1551,0.91235,0.13317,0.35473
4.1988e+05,-11.852,-10.192,6.1169,-185.07,-62.078,-347.45,-1.086,-1.0729,0.87129,-0.1114,0.91395,0.16579,0.35326
4.1989e+05,-13.303,-15.504,5.4107,-115.62,-66.038,-252.77,-1.3011,-1.0252,0.91671,-0.080172,0.91422,0.19101,0.34827
4.1991e+05,-6.0781,-11.119,4.6473,-41.462,-37.845,-151.83,-1.3333,-0.99904,0.97316,-0.069395,0.91223,0.204,0.34844
4.1993e+05,-0.28552,-19.747,6.0768,8.2329,9.7845,-38.233,-1.4247,-0.96144,0.95668,-0.066474,0.909,0.20805,0.35499
4.1994e+05,0.82674,-20.451,4.4303,125.08,43.847,52.219,-1.4624,-0.95604,0.95111,-0.083521,0.90518,0.20628,0.36212
4.1996e+05,-2.6148,-12.387,3.1994,153.45,91.008,135.07,-1.457,-1.0465,0.90527,-0.11325,0.90081,0.19228,0.37249
4.1997e+05,-17.694,8.1101,-4.3127,280.35,193.05,291.19,-1.3763,-1.0732,0.905,-0.17194,0.89295,0.16424,0.38224
4.1999e+05,-24.787,24.533,3.6119,-336.22,-95.686,277.17,-1.2581,-1.1157,0.87087,-0.1463,0.91141,0.11156,0.36808
4.2e+05,-2.0288,-24.825,2.4062,-404.29,124.75,235.14,-1.1344,-1.0854,1.0566,-0.10325,0.91499,0.061125,0.38523
4.2002e+05,-1.5237,-24.979,7.3494,94.637,21.591,196.73,-1.0376,-1.0919,1.1689,-0.12007,0.91503,0.043032,0.38269
4.2004e+05,-12.308,-18.672,0.051639,215.98,58.117,170.26,-0.90323,-1.1767,1.095,-0.15259,0.91109,0.032438,0.38156
4.2005e+05,-11.715,-11.291,8.8663,139.79,54.415,115.3,-0.82796,-1.1712,1.0782,-0.17369,0.90821,0.023509,0.38004
4.2007e+05,-13.241,-8.0379,10.064,-30.36,40.427,91.381,-0.72581,-1.1121,1.0507,-0.17293,0.90975,0.0083025,0.37734
4.2008e+05,-19.257,-15.173,5.3786,36.936,27.175,60.583,-0.61828,-1.0696,1.0736,-0.17788,0.91039,0.001077,0.37355
4.201e+05,-19.81,-10.012,3.3162,95.167,8.5393,50.799,-0.55914,-1.0537,1.0962,-0.19115,0.91032,-0.0027646,0.36711
4.2011e+05,-18.31,-4.2881,3.1837,32.149,2.2078,45.845,-0.48925,-1.1015,1.0564,-0.19807,0.91167,-0.010308,0.35988
4.2013e+05,-19.978,-2.8799,3.3738,66.831,-12.7,41.226,-0.43548,-1.032,1.0571,-0.20931,0.91256,-0.015499,0.35096
4.2014e+05,-17.415,1.0362,3.3543,93.993,-15.233,41.711,-0.39247,-1.0209,1.0179,-0.22493,0.91208,-0.020207,0.3422
4.2016e+05,-15.553,5.869,2.4212,104.87,-19.865,31.858,-0.32796,-0.99943,1.0125,-0.24268,0.91043,-0.0238,0.33416
4.2018e+05,-12.874,6.4129,1.9354,67.3,-24.997,36.562,-0.25806,-0.95119,1.0017,-0.25598,0.90959,-0.030203,0.32589
4.2019e+05,-10.164,6.8194,0.58101,84.435,-25.803,46.837,-0.22581,-0.97253,0.99589,-0.27228,0.90719,-0.037563,0.31852
4.2021e+05,-9.1995,9.2502,-0.071782,44.136,-23.736,71.158,-0.2043,-0.9083,0.99092,-0.28477,0.9053,-0.049868,0.31122
4.2022e+05,-7.4273,10.286,0.55871,16.262,-12.679,104.17,-0.13441,-0.91382,1.0077,-0.29485,0.90307,-0.068146,0.30477
4.2024e+05,-7.4611,9.7781,0.095459,22.347,-5.2404,142.4,-0.11828,-0.94551,0.96807,-0.3071,0.89913,-0.091073,0.29827
4.2025e+05,-7.6333,10.976,0.8768,18.651,-2.448,177.41,-0.053763,-0.86536,0.97449,-0.31947,0.89395,-0.11886,0.29096
4.2027e+05,-7.7666,11.955,0.42742,12.133,-4.6402,199.08,0.0053763,-0.8012,0.97513,-0.3313,0.88759,-0.14924,0.2831
4.2029e+05,-8.3592,9.9559,0.93163,-31.34,-4.1759,215.53,0.048387,-0.76388,0.98674,-0.33675,0.88198,-0.18311,0.2742
4.203e+05,-8.6743,6.6728,-0.34532,-54.888,1.3224,236.26,0.14516,-0.69459,1.0099,-0.33825,0.87578,-0.21937,0.26548
4.2032e+05,-9.6905,0.96097,0.31029,-89.171,11.001,263.53,0.22581,-0.68908,0.99311,-0.33375,0.86982,-0.2587,0.25514
4.2033e+05,-10.767,-2.5024,0.44562,-24.942,12.881,266.02,0.28495,-0.62508,1.0106,-0.33546,0.8602,-0.29441,0.24667
4.2035e+05,-13.255,-4.2466,1.6443,28.99,1.5431,244.99,0.31183,-0.50198,1.0006,-0.34257,0.84888,-0.3242,0.23864
4.2036e+05,-15.073,-4.6736,8.3809,49.532,3.1566,211.03,0.3871,-0.56069,0.98878,-0.3501,0.83783,-0.34907,0.23157
4.2038e+05,-17.947,-2.8434,5.4186,37.214,-11.743,137.21,0.38172,-0.47446,0.92222,-0.35513,0.83046,-0.3651,0.22566
4.2039e+05,-12.666,-4.2898,6.5533,-13.942,-36.638,81.578,0.38172,-0.43197,0.95074,-0.35274,0.82942,-0.37385,0.21878
4.2041e+05,-8.1685,-9.4761,7.7392,-12.391,-23.357,25.967,0.41398,-0.42656,0.94517,-0.34722,0.83126,-0.37615,0.21668
4.2043e+05,-6.7687,-13.592,6.0735,8.1954,-34.795,-50.738,0.41935,-0.41598,0.95651,-0.34196,0.83653,-0.36837,0.21813
4.2044e+05,-4.5509,-14.482,4.6651,68.781,-51.596,-134.37,0.36022,-0.44261,0.94501,-0.34183,0.84328,-0.34834,0.22512
4.2046e+05,-1.1517,-12.106,3.3975,74.25,-44.675,-205.72,0.28495,-0.49045,0.91644,-0.33985,0.85196,-0.31997,0.23724
4.2047e+05,-0.091249,-9.3135,1.9903,70.272,-32.641,-269.9,0.19892,-0.61855,0.89269,-0.33469,0.86165,-0.28482,0.2538
4.2049e+05,-0.10041,-5.9109,0.74712,55.778,-13.683,-319.67,0.086022,-0.71975,0.85235,-0.32522,0.8711,-0.24537,0.27425
4.205e+05,-0.94637,-1.9558,-1.7037,30.333,5.4144,-355.42,0.0053763,-0.78358,0.81801,-0.31127,0.87914,-0.20401,0.29767
4.2052e+05,-2.3593,-1.745,-2.2459,-72.035,25.597,-381.96,-0.15054,-0.83677,0.78939,-0.28278,0.88885,-0.16525,0.32042
4.2054e+05,-5.1264,-6.3612,-3.151,-135.38,21.674,-410.46,-0.34946,-0.99189,0.79345,-0.24324,0.89984,-0.12598,0.33948
4.2055e+05,-7.6131,-7.8777,-1.5525,-113.11,-18.85,-427.87,-0.45161,-0.93859,0.81084,-0.20529,0.91063,-0.082044,0.34911
4.2057e+05,-5.0604,-5.2911,-1.5613,-90.617,-32.966,-427.07,-0.64516,-1.0404,0.82668,-0.17148,0.91734,-0.038147,0.35726
4.2058e+05,-7.091,-6.3685,1.7088,-169.44,-46.96,-404.35,-0.78495,-1.062,0.84893,-0.12922,0.92532,0.0012059,0.3565
4.206e+05,-9.3171,-9.2879,4.838,-208.99,-58.115,-352.99,-1.0376,-1.1051,0.88783,-0.084079,0.93188,0.033917,0.35126
4.2061e+05,-11.57,-17.136,8.1587,-148.41,-55.932,-283.23,-1.1022,-0.97742,0.9509,-0.048338,0.9355,0.062937,0.34431
4.2063e+05,-7.5448,-15.68,4.3581,-3.3533,-39.458,-187.08,-1.2366,-0.98845,0.9845,-0.037917,0.93567,0.085041,0.34036
4.2064e+05,-2.5979,-13.616,6.5848,25.408,8.4307,-75.591,-1.3656,-0.95136,1.0186,-0.038874,0.93313,0.093227,0.34507
4.2066e+05,0.60005,-17.663,3.5282,87.01,38.719,9.4409,-1.3602,-0.97241,0.98466,-0.049607,0.92896,0.094472,0.35447
4.2068e+05,-0.22423,-11.889,0.89091,166.7,54.83,68.051,-1.371,-0.97776,0.9846,-0.07704,0.9236,0.090538,0.36446
4.2069e+05,-2.6984,-5.7313,10.675,52.378,102.1,160.85,-1.3925,-1.0044,0.9731,-0.095498,0.91971,0.067835,0.37472
4.2071e+05,-24.215,10.254,-13.067,75.385,206.51,377.54,-1.2849,-1.1327,0.9662,-0.13012,0.90995,0.018972,0.39332
4.2072e+05,-11.51,3.9528,7.8401,-283.52,2.0715,209.47,-1.1075,-1.1547,1.0334,-0.10942,0.91625,-0.025733,0.38451
4.2074e+05,-10.232,-24.908,-7.255,-265.85,86.734,215.69,-1.0376,-1.1715,1.1063,-0.080928,0.9149,-0.065932,0.38995
4.2075e+05,-4.7955,-24.937,-0.16479,408.42,47.473,169.93,-0.93011,-1.1084,1.2193,-0.13408,0.90612,-0.064604,0.39598
4.2077e+05,-12.625,-3.7596,7.2337,24.316,71.206,177.36,-0.8871,-1.0968,1.1239,-0.14614,0.90209,-0.089229,0.39612
4.2079e+05,-10.11,-14.196,11.974,45.614,49.115,111.56,-0.7043,-1.1181,1.118,-0.15351,0.89938,-0.10255,0.39628
4.208e+05,-12.453,-14.572,13.067,-3.7737,42.245,79.117,-0.57527,-1.1019,1.1013,-0.15321,0.8984,-0.11485,0.39525
4.2082e+05,-21.419,-10.98,9.5555,82.842,10.027,59.07,-0.58065,-1.1073,1.1069,-0.16475,0.89763,-0.12051,0.39065
4.2083e+05,-19.801,-6.183,5.8124,10.75,3.6751,50.223,-0.45699,-1.0752,1.1072,-0.16848,0.89825,-0.13007,0.3845
4.2085e+05,-20.073,-8.4814,2.4614,19.435,-1.3346,40.439,-0.43548,-1.07,1.1185,-0.17262,0.89894,-0.13795,0.37826
4.2086e+05,-22.242,-1.5841,2.0268,76.453,-12.925,50.557,-0.37097,-1.0535,1.0737,-0.18679,0.89779,-0.14498,0.37156
4.2088e+05,-18.159,5.0808,0.59211,59.355,-19.637,51.991,-0.33333,-0.97916,1.125,-0.2004,0.89601,-0.15376,0.3652
4.2089e+05,-15.734,7.1418,0.57673,58.124,-18.683,37.274,-0.25269,-0.99487,1.0912,-0.2133,0.89375,-0.16116,0.36019
4.2091e+05,-12.549,8.5855,0.85193,81.075,-19.973,42.079,-0.21505,-0.95738,1.0859,-0.22907,0.89007,-0.1683,0.35635
4.2093e+05,-9.8055,10.486,0.091147,78.577,-15.566,57.66,-0.17742,-0.97309,1.0521,-0.24527,0.88498,-0.17762,0.35369
4.2094e+05,-8.3267,10.383,0.90008,62.448,-10.739,100.66,-0.14516,-0.84465,1.0421,-0.26037,0.87874,-0.19325,0.35027
4.2096e+05,-7.7726,12.515,0.44502,59.848,-10.563,148.37,-0.12366,-0.95147,1.0298,-0.27772,0.87034,-0.21444,0.34553
4.2097e+05,-7.2821,13.156,-0.90512,60.595,-12.274,179.66,-0.075269,-0.88709,1.008,-0.29625,0.85993,-0.23882,0.34019
4.2099e+05,-7.2632,12.148,-0.14392,3.7561,-9.4255,207,0.043011,-0.79106,1.0314,-0.30783,0.85002,-0.26868,0.33244
4.21e+05,-7.3078,8.0863,-1.3055,-23.298,-0.41888,226.87,0.048387,-0.80699,1.02,-0.31514,0.83933,-0.30132,0.32469
4.2102e+05,-8.1597,3.2502,-1.4708,-76.442,5.6503,249.7,0.13441,-0.78577,1.0371,-0.31492,0.82958,-0.33738,0.31432
4.2104e+05,-9.1767,-1.3712,-1.3223,-41.193,3.2586,261.94,0.18817,-0.63611,1.0442,-0.31737,0.81809,-0.37083,0.30411
4.2105e+05,-10.246,-2.471,0.27042,37.284,-5.8466,245.35,0.28495,-0.572,1.0505,-0.32753,0.80421,-0.39741,0.2967
4.2107e+05,-11.553,-2.3033,0.48794,107.39,3.0403,233.3,0.33871,-0.58253,1.0335,-0.34391,0.78696,-0.41938,0.29419
4.2108e+05,-14.269,-0.29168,5.1436,71.094,2.4347,197.98,0.37097,-0.48577,0.98391,-0.35497,0.77335,-0.43856,0.28911
4.211e+05,-16.089,-0.00374,6.2367,9.8137,-9.0828,136.55,0.4086,-0.4802,0.96149,-0.35766,0.76673,-0.45277,0.28143
4.2111e+05,-13.051,-4.0787,7.0094,-70.998,-22.252,74.759,0.4086,-0.42656,0.94517,-0.34922,0.76876,-0.46214,0.27109
4.2113e+05,-8.7053,-12.751,7.9059,-37.094,-17.597,16.824,0.4086,-0.38412,0.9793,-0.34069,0.77303,-0.46403,0.26654
4.2114e+05,-7.0034,-17.605,7.1636,48.823,-21.978,-53.88,0.39247,-0.49641,0.97818,-0.33838,0.7779,-0.45525,0.27041
4.2116e+05,-4.9983,-14.929,4.9694,98.933,-45.915,-137.02,0.37634,-0.51223,0.95555,-0.33978,0.78605,-0.4342,0.27953
4.2118e+05,-1.1546,-11.985,3.4831,98.33,-39.284,-209.29,0.25806,-0.56514,0.89884,-0.33786,0.79706,-0.40537,0.29362
4.2119e+05,0.57437,-8.9559,2.2656,79.738,-25.109,-277.97,0.23118,-0.63994,0.89248,-0.33011,0.81062,-0.37,0.31149
4.2121e+05,1.061,-5.3391,0.82469,49.435,-2.2542,-330.73,0.086022,-0.74621,0.824,-0.31537,0.82471,-0.33134,0.33258
4.2122e+05,-0.31782,-1.6727,-1.3452,3.1658,21.986,-363.74,0.026882,-0.86379,0.8172,-0.29308,0.83796,-0.29283,0.3552
4.2124e+05,-2.0972,-3.5455,-1.201,-120.84,35.502,-396.39,-0.12366,-0.90656,0.81678,-0.25374,0.85452,-0.25766,0.37285
4.2125e+05,-4.4286,-7.2004,-2.6826,-158.31,23.744,-421.18,-0.23118,-0.97062,0.8049,-0.20845,0.87114,-0.22105,0.38576
4.2127e+05,-5.4022,-6.0813,-2.151,-191.05,-9.7044,-422.44,-0.44624,-1.0249,0.88301,-0.16054,0.88723,-0.18508,0.39089
4.2129e+05,-6.5294,-8.7065,0.70306,-192.35,-33.07,-417.78,-0.71505,-1.095,0.94411,-0.11245,0.90232,-0.14731,0.3892
4.213e+05,-8.0901,-8.5842,2.773,-145.22,-54.664,-386.4,-0.8172,-1.1009,0.99461,-0.073639,0.91466,-0.10986,0.38198
4.2132e+05,-10.827,-9.8132,7.0828,-219.11,-60.774,-349.57,-0.99462,-1.0588,1.0681,-0.028561,0.9254,-0.079002,0.36957
4.2133e+05,-12.474,-17.342,8.2681,-140.95,-66.594,-272.88,-1.1129,-1.0539,1.1074,0.0037313,0.93314,-0.051743,0.35575
4.2135e+05,-6.7453,-11.944,4.6806,-55.334,-30.746,-172.12,-1.2581,-0.98468,1.1418,0.015941,0.93634,-0.034231,0.34906
4.2136e+05,-3.2463,-13.94,6.6354,-33.539,14.82,-55.138,-1.328,-0.92147,1.238,0.020649,0.93607,-0.029995,0.34991
4.2138e+05,0.40232,-17.552,3.1177,73.308,52.584,22.204,-1.3333,-1.0229,1.2201,0.010404,0.93268,-0.029743,0.35932
4.2139e+05,-0.95229,-13.211,1.8102,142.47,67.649,80.08,-1.3011,-1.023,1.2257,-0.014338,0.92836,-0.034377,0.36981
4.2141e+05,-3.2674,-9.0363,5.2384,61.542,82.97,153.93,-1.2581,-1.0116,1.164,-0.032879,0.92363,-0.052701,0.37823
4.2143e+05,-23.243,8.4848,-13.184,135.6,183.57,306.66,-1.2204,-1.0546,1.1861,-0.069201,0.90995,-0.087367,0.39946
4.2144e+05,-18.307,8.2654,10.032,-216.59,-8.281,208.33,-1.0269,-1.0551,1.231,-0.058056,0.91063,-0.12851,0.38841
4.2146e+05,-6.3345,-24.797,0.20676,-231.65,83.527,197.2,-0.98387,-1.0878,1.2925,-0.032752,0.90478,-0.16484,0.39132
4.2147e+05,-6.0595,-24.997,4.6292,164.36,78.56,172.7,-0.84409,-1.1208,1.3821,-0.055444,0.89681,-0.17752,0.40143
4.2149e+05,-14.573,-5.9465,9.349,178.58,63.352,166.86,-0.75269,-1.0989,1.3317,-0.085634,0.8888,-0.1919,0.40727
4.215e+05,-11.695,-7.1928,11.245,-7.8964,53.126,124.32,-0.62366,-1.1194,1.2416,-0.089465,0.88384,-0.21119,0.4077
4.2152e+05,-12.418,-13.611,10.86,-7.3964,37.203,91.084,-0.58602,-1.0715,1.2646,-0.090327,0.88072,-0.2253,0.40671
4.2154e+05,-18.69,-13.304,8.0295,74.659,16.401,63.819,-0.48925,-1.0553,1.2479,-0.10108,0.87852,-0.23199,0.40517
4.2155e+05,-17.763,-7.1722,6.7747,39.683,8.3131,52.019,-0.40323,-1.0282,1.2144,-0.10872,0.87685,-0.24016,0.40205
4.2157e+05,-18.236,-6.7074,3.7265,11.623,-1.6296,43.446,-0.34409,-1.0016,1.2259,-0.11336,0.876,-0.24906,0.39716
4.2158e+05,-21.019,-3.8242,2.86,68.995,-5.1539,46.469,-0.28495,-0.98552,1.2261,-0.12634,0.87391,-0.25571,0.39361
4.216e+05,-17.893,2.3015,1.9525,77.596,-11.071,49.394,-0.24194,-1.0229,1.2201,-0.14192,0.87062,-0.26288,0.39087
4.2161e+05,-15.291,4.5828,0.82063,86.136,-4.7143,40.433,-0.24194,-0.96374,1.187,-0.15795,0.86625,-0.26888,0.39035
4.2163e+05,-12.837,5.3779,0.58806,104.42,-5.7789,44.129,-0.16129,-0.96881,1.1589,-0.17605,0.86075,-0.27442,0.39092
4.2164e+05,-10.072,8.9692,0.32632,111.81,-5.3574,53.386,-0.1129,-0.91506,1.1313,-0.19551,0.85376,-0.28064,0.39258
4.2166e+05,-8.7332,10.515,-0.52435,92.029,-4.7159,82.96,-0.10753,-0.87746,1.1148,-0.21388,0.8454,-0.29126,0.39334
4.2168e+05,-7.2494,12.211,-0.26364,43.531,3.472,131.32,-0.080645,-0.88804,1.1035,-0.22845,0.83544,-0.31007,0.39206
4.2169e+05,-7.4098,11.196,-0.16696,36.769,12.078,174.75,0.010753,-0.86108,1.0813,-0.2436,0.82286,-0.33399,0.38989
4.2171e+05,-8.7913,10.988,-0.26719,37.802,16.539,207.88,0.043011,-0.85022,1.0645,-0.25994,0.80777,-0.36112,0.38669
4.2172e+05,-9.8351,11.452,-0.11636,18.533,17.495,235.13,0.13441,-0.71643,1.0546,-0.27511,0.7912,-0.39115,0.38121
4.2174e+05,-10.755,7.2971,-1.4442,-38.831,19.49,258.64,0.2043,-0.73236,1.0432,-0.28369,0.77492,-0.42527,0.37171
4.2175e+05,-11.91,0.90639,-0.11004,-52.088,11.417,274.14,0.27957,-0.68412,1.0325,-0.28896,0.76006,-0.45868,0.35837
4.2177e+05,-11.679,-2.1357,0.66908,27.394,9.3448,262.23,0.31183,-0.62525,1.0275,-0.30006,0.74323,-0.48484,0.35
4.2179e+05,-13.326,-2.8733,3.2717,73.655,10.472,237.49,0.41935,-0.56643,1.028,-0.31403,0.72644,-0.50514,0.34424
4.218e+05,-17.717,-3.4407,5.6198,70.631,23.234,194.83,0.45161,-0.44339,1.0237,-0.32532,0.71169,-0.52196,0.33944
4.2182e+05,-17.262,-3.8913,7.2342,6.3432,-14.862,125.75,0.47849,-0.42133,0.95646,-0.3291,0.70665,-0.53278,0.32938
4.2183e+05,-9.581,-6.9428,4.2083,54.578,-10.259,62.402,0.51613,-0.37337,0.97379,-0.33246,0.70452,-0.53386,0.32882
4.2185e+05,-8.2415,-10.342,6.4045,59.684,-19.141,-10.309,0.48925,-0.43715,0.93383,-0.33321,0.70771,-0.52787,0.33087
4.2186e+05,-5.797,-12.579,5.7801,42.008,-32.708,-86.349,0.48387,-0.44255,0.93939,-0.3295,0.71764,-0.51454,0.33418
4.2188e+05,-3.5081,-12.581,3.3813,68.687,-40.886,-158.27,0.43548,-0.49596,0.93324,-0.32537,0.73116,-0.49215,0.34254
4.2189e+05,-1.1898,-10.288,3.1864,50.646,-37.987,-225.62,0.39785,-0.53874,0.93281,-0.31579,0.74884,-0.46347,0.35316
4.2191e+05,-0.1409,-8.0829,2.0503,24.84,-27.667,-285.42,0.2957,-0.62942,0.90944,-0.29955,0.76904,-0.43018,0.36577
4.2193e+05,-0.61692,-5.0144,0.8232,4.1785,-15.226,-338.95,0.14516,-0.82168,0.88504,-0.27752,0.78968,-0.39348,0.38022
4.2194e+05,-1.3041,-2.2148,-0.55326,-38.572,-0.97157,-379.25,0.064516,-0.86463,0.90147,-0.24841,0.81004,-0.35576,0.39443
4.2196e+05,-3.4191,-4.084,0.10569,-124.65,7.8124,-411.62,-0.12903,-0.95024,0.90623,-0.20782,0.83169,-0.31991,0.40343
4.2197e+05,-5.132,-8.5701,-0.55871,-143.64,0.65392,-439.96,-0.24194,-1.0091,0.90564,-0.1632,0.85285,-0.28087,0.4088
4.2199e+05,-6.6212,-7.596,-0.68434,-106.19,-43.826,-441.13,-0.45161,-1.0365,0.9784,-0.1252,0.87237,-0.23826,0.40808
4.22e+05,-5.2426,-4.1537,-0.853,-68.135,-42.429,-440.29,-0.69892,-1.0741,0.98926,-0.093071,0.88737,-0.19392,0.4078
4.2202e+05,-8.1976,-7.8676,4.1767,-170.97,-47.537,-415.82,-0.84946,-1.0796,1.0061,-0.049441,0.90221,-0.1558,0.39914
4.2204e+05,-11,-12.753,5.7625,-144.59,-70.173,-359.02,-1.043,-1.054,1.1187,-0.012638,0.91476,-0.12081,0.38529
4.2205e+05,-10.811,-16.822,7.9767,-58.648,-64.04,-271.77,-1.1344,-1.0433,1.1244,0.0091532,0.92364,-0.090621,0.37228
4.2207e+05,-6.217,-9.555,5.3844,17.841,-26.019,-165.43,-1.2634,-0.94703,1.1197,0.011518,0.92764,-0.071054,0.36648
4.2208e+05,-1.5268,-13.741,6.7027,12.435,25.347,-44.576,-1.328,-1.038,1.1245,0.011543,0.92711,-0.065679,0.3688
4.221e+05,0.49064,-21.109,2.8902,30.153,54.705,52.806,-1.371,-0.97894,1.1026,0.0088135,0.9234,-0.069947,0.37731
4.2211e+05,-1.6417,-16.577,0.010579,204.85,70.541,111.37,-1.3172,-1.0217,1.0965,-0.02132,0.91801,-0.073635,0.38908
4.2213e+05,-5.2723,-1.4029,16.728,83.519,157.27,219.06,-1.3011,-1.043,1.0907,-0.044736,0.90823,-0.099074,0.40412
4.2214e+05,-24.461,24.535,-12.12,-15.87,129.3,363.17,-1.1882,-1.1765,1.0725,-0.065303,0.89457,-0.1481,0.4166
4.2216e+05,-5.3886,-16.038,11.786,-416.84,138.06,234.94,-1.0538,-1.1286,1.0955,-0.021879,0.88536,-0.20154,0.41838
4.2218e+05,-7.7529,-24.927,-2.9051,20.443,44.92,214.4,-0.94624,-1.1092,1.2979,-0.030243,0.87761,-0.22601,0.42166
4.2219e+05,-4.2634,-23.348,6.1697,279.48,91.632,175.56,-0.79032,-1.1408,1.2414,-0.066161,0.86635,-0.23163,0.4375
4.2221e+05,-15.434,-4.934,10.893,80.695,49.925,140.9,-0.72581,-1.1294,1.1741,-0.082964,0.85929,-0.24759,0.43981
4.2222e+05,-12.184,-7.3667,12.286,51.767,12.492,97.347,-0.62366,-1.1288,1.1123,-0.093597,0.85587,-0.25939,0.43754
4.2224e+05,-14.446,-14.387,13.23,-46.493,-1.4715,71.668,-0.60215,-1.1553,1.0896,-0.090307,0.8557,-0.27311,0.43016
4.2225e+05,-20.232,-11.713,9.6083,103.19,-8.3711,47.101,-0.46774,-1.0757,1.1522,-0.10471,0.85462,-0.27588,0.42726
4.2227e+05,-19.8,-3.0017,5.9768,30.369,-20.077,39.58,-0.39247,-1.0965,1.0958,-0.11285,0.8543,-0.2833,0.42092
4.2229e+05,-21.036,-4.6604,1.1045,52.467,-24.774,37.884,-0.39247,-1.1018,1.0901,-0.12404,0.85357,-0.28943,0.41504
4.223e+05,-19.871,1.2878,1.3443,70.087,-15.206,38.642,-0.33871,-1.0698,1.1017,-0.13803,0.851,-0.29529,0.41177
4.2232e+05,-17.571,6.2071,0.74178,83.651,-17.226,39.099,-0.30645,-1.0855,1.0622,-0.15434,0.84724,-0.30069,0.40981
4.2233e+05,-14.26,9.0031,0.067912,64.517,-16.199,40.802,-0.24194,-1.0425,1.0458,-0.16854,0.84291,-0.30745,0.40813
4.2235e+05,-11.021,9.4573,0.56267,65.764,-21.15,52.05,-0.25806,-1.0478,1.0401,-0.18305,0.83784,-0.31533,0.4063
4.2236e+05,-7.9765,9.854,0.5248,53.902,-16.687,80.718,-0.18817,-1.0049,1.0293,-0.19697,0.83101,-0.32708,0.40453
4.2238e+05,-6.5067,10.659,-0.47655,59.377,-5.404,126.82,-0.11828,-0.97292,1.0352,-0.21334,0.82059,-0.34371,0.40372
4.2239e+05,-7.0998,12.288,0.65429,16.966,-1.1001,166.33,-0.096774,-0.94061,1.0131,-0.22653,0.80888,-0.3668,0.39982
4.2241e+05,-7.055,13.212,-0.23963,13.311,-4.9344,196.05,-0.032258,-0.8442,0.99718,-0.24097,0.79503,-0.39246,0.39477
4.2243e+05,-6.9411,12.481,-0.14942,-20.042,-2.4537,225.29,-0.021505,-0.85495,1.0027,-0.25221,0.77984,-0.42216,0.38734
4.2244e+05,-7.4515,8.931,-1.7683,-52.579,8.3555,256.37,0.1129,-0.80136,0.99199,-0.26007,0.76265,-0.45538,0.37862
4.2246e+05,-9.5914,3.3165,-1.0025,-92.305,12.678,288.62,0.18817,-0.68958,1.0437,-0.2627,0.74599,-0.49128,0.36487
4.2247e+05,-11.933,-0.58224,-1.2697,-25.709,7.3699,289.15,0.26882,-0.67348,1.0382,-0.27115,0.72763,-0.52153,0.3536
4.2249e+05,-12.817,-1.4025,-0.61208,40.313,-12.702,275.01,0.33333,-0.54009,1.0676,-0.28618,0.70926,-0.54432,0.34463
4.225e+05,-14.043,-1.9644,3.1291,66.438,4.7244,261.11,0.34946,-0.58771,1.0166,-0.30057,0.68987,-0.56515,0.33815
4.2252e+05,-18.753,-0.75437,6.6844,5.7828,-2.8354,199.77,0.46774,-0.48589,0.99514,-0.30803,0.67796,-0.58236,0.32611
4.2254e+05,-16.737,-3.7905,7.4333,-56.401,-31.143,140.43,0.49462,-0.42161,0.98455,-0.30781,0.67476,-0.59507,0.30959
4.2255e+05,-8.74,-9.558,9.2508,-57.59,-24.068,91.219,0.5,-0.42161,0.98455,-0.30261,0.67533,-0.60314,0.29763
4.2257e+05,-9.391,-12.868,9.1148,35.576,-32.231,23.171,0.47312,-0.35756,0.99642,-0.30361,0.67768,-0.60122,0.29514
4.2258e+05,-6.6181,-13.072,7.9236,8.2537,-71.672,-63.489,0.47849,-0.41108,1.0015,-0.30151,0.68973,-0.59037,0.29125
4.226e+05,-3.1328,-14.838,5.0251,24.428,-74.918,-144.29,0.45161,-0.48622,1.0288,-0.2976,0.7071,-0.57075,0.29273
4.2261e+05,-0.98051,-13.728,3.4794,50.863,-77.015,-222.09,0.41398,-0.49686,1.0231,-0.29306,0.72855,-0.54174,0.29975
4.2263e+05,0.6684,-10.783,2.0916,69.527,-74.354,-290.92,0.28495,-0.65705,0.99905,-0.28684,0.75226,-0.50464,0.31171
4.2264e+05,1.5283,-7.2417,1.3043,50.538,-57.901,-345.84,0.15591,-0.72639,0.9815,-0.27469,0.77714,-0.46282,0.32619
4.2266e+05,1.1116,-4.3753,-0.38203,37.099,-35.167,-396.26,0.032258,-0.83317,0.96358,-0.25707,0.80125,-0.41685,0.34374
4.2268e+05,0.17986,-4.3132,-0.21001,-31.805,-9.5728,-429.17,-0.1129,-0.92947,0.96823,-0.22831,0.82502,-0.3716,0.35936
4.2269e+05,-0.23989,-5.7937,-2.5784,-55.409,-2.0583,-453.51,-0.25269,-1.0201,0.93924,-0.19474,0.84666,-0.32465,0.37396
4.2271e+05,-1.518,-5.0104,-2.9207,-92.605,-14.264,-458.16,-0.45161,-1.0902,0.99472,-0.15723,0.8663,-0.2788,0.3835
4.2272e+05,-4.1172,-5.6292,-2.1698,-92.732,-22.35,-461.61,-0.63441,-1.1224,1.0056,-0.12005,0.88333,-0.23253,0.3889
4.2274e+05,-9.0836,-11.232,4.3752,-132.76,-32.12,-433.41,-0.8172,-1.0692,1.0399,-0.078991,0.89987,-0.18929,0.38492
4.2275e+05,-11.531,-11.889,5.3923,-98.901,-50,-361.8,-1.086,-1.0428,1.0682,-0.047303,0.91284,-0.15161,0.37616
4.2277e+05,-12.378,-13.241,8.045,-96.009,-48.908,-278.2,-1.1667,-1.0379,1.1132,-0.020922,0.92247,-0.12303,0.36533
4.2279e+05,-8.5069,-12.649,6.3668,23.624,-31.785,-172.03,-1.3333,-1.0167,1.1303,-0.015805,0.92757,-0.10153,0.35923
4.228e+05,-1.91,-12.898,6.1652,19.043,15.589,-62.68,-1.3602,-0.97359,1.1026,-0.014335,0.9273,-0.093673,0.36213
4.2282e+05,0.62722,-19.359,4.8247,87.851,43.589,20.167,-1.4086,-0.98997,1.1362,-0.021901,0.92424,-0.09125,0.37009
4.2283e+05,-0.83718,-14.977,-0.65212,208.16,67.851,79.003,-1.4032,-1.0056,1.0911,-0.049344,0.91725,-0.091246,0.38457
4.2285e+05,-7.6476,-2.0346,15.325,126.84,170.35,208.3,-1.3871,-1.0533,1.0513,-0.075936,0.90571,-0.1141,0.40112
4.2286e+05,-24.594,22.671,-5.1397,9.9635,39.713,364.97,-1.2151,-1.1334,1.0448,-0.10116,0.8962,-0.16191,0.40048
4.2288e+05,-2.1223,-11.714,15.585,-517.53,148.69,227.67,-1.1452,-1.1922,1.0386,-0.043249,0.88873,-0.21987,0.39994
4.2289e+05,-9.6739,-24.973,-0.20189,28.024,39.741,241.81,-0.99462,-1.1412,1.2863,-0.053371,0.88008,-0.24763,0.4016
4.2291e+05,-7.6018,-20.152,11.253,222.67,88.959,171.37,-0.88172,-1.1349,1.1909,-0.08225,0.86871,-0.25751,0.41504
4.2293e+05,-13.503,-7.9098,14.063,101.51,38.994,133.39,-0.83333,-1.1558,1.1401,-0.099205,0.86175,-0.27101,0.41724
4.2294e+05,-9.8011,-6.7374,11.497,26.957,15.493,99.554,-0.66667,-1.1825,1.1342,-0.10604,0.85751,-0.28477,0.41515
4.2296e+05,-16.149,-15.515,12.201,-59.273,5.2488,69.001,-0.64516,-1.161,1.1288,-0.10026,0.85689,-0.29883,0.40791
4.2297e+05,-20.526,-12.038,7.6382,127.14,-10.306,42.311,-0.57527,-1.1396,1.1234,-0.11694,0.85509,-0.30011,0.4063
4.2299e+05,-19.01,-3.0149,4.4304,9.4604,-15.546,43.524,-0.54839,-1.1233,1.0955,-0.12245,0.85393,-0.30937,0.40012
4.23e+05,-19.541,-3.7321,1.2251,48.663,-19.307,34.342,-0.45699,-1.0326,1.1189,-0.13256,0.8523,-0.31546,0.39559
4.2302e+05,-19.417,0.57338,1.2935,63.967,-15.247,42.991,-0.42473,-1.0379,1.1188,-0.14566,0.84902,-0.32223,0.39258
4.2304e+05,-16.128,4.8658,0.94762,100.87,-14.232,36.167,-0.37097,-1.0111,1.1079,-0.16304,0.84417,-0.32647,0.39269
4.2305e+05,-13.515,7.888,1.3413,81.716,-10.276,39.887,-0.35484,-1.0427,1.0626,-0.17807,0.83863,-0.33236,0.39311
4.2307e+05,-11.246,10.358,0.49715,98.744,-12.011,52.944,-0.28495,-1.0321,1.0739,-0.19583,0.83139,-0.33866,0.39465
4.2308e+05,-7.9623,11.228,-0.26855,79.802,-9.5058,80.991,-0.21505,-0.95125,1.0073,-0.21217,0.8225,-0.34893,0.39588
4.231e+05,-5.9414,12.607,0.40401,55.542,1.5079,129.22,-0.19892,-0.99915,0.98439,-0.2272,0.81091,-0.36595,0.3961
4.2311e+05,-6.8306,13.053,0.062225,39.625,10.842,178.28,-0.15054,-0.9244,0.99637,-0.24225,0.79633,-0.38893,0.39484
4.2313e+05,-7.4983,13.522,0.08433,16.202,11.561,219.42,-0.086022,-0.9347,0.95695,-0.25662,0.7795,-0.41698,0.39071
4.2314e+05,-8.2488,11.392,0.11577,-13.852,14.88,248.53,-0.021505,-0.88658,0.95743,-0.26789,0.76141,-0.4485,0.38385
4.2316e+05,-9.2167,7.0655,-1.1299,-30.628,17.855,267.38,0.1129,-0.79016,0.94154,-0.27658,0.74263,-0.48066,0.37545
4.2318e+05,-10.642,1.6809,-0.67997,-41.255,20.013,283.38,0.14516,-0.72088,0.9647,-0.28244,0.72425,-0.51266,0.36451
4.2319e+05,-12.179,-1.0039,0.41034,22.254,9.2903,277.97,0.25806,-0.62975,0.94314,-0.29386,0.70519,-0.53842,0.35561
4.2321e+05,-14.199,-1.4572,2.2531,55.024,7.9642,260.8,0.35484,-0.63448,0.8813,-0.30711,0.68654,-0.55965,0.34805
4.2322e+05,-17.527,-3.7958,4.7386,51.805,-5.1256,228.44,0.37097,-0.58675,0.9211,-0.31938,0.67046,-0.57774,0.33867
4.2324e+05,-17.017,-3.8619,9.4177,-28.683,-9.9635,175.26,0.44086,-0.51172,0.905,-0.3215,0.66238,-0.59382,0.32443
4.2325e+05,-11.718,-6.372,4.7468,30.647,-16.514,110,0.44086,-0.47964,0.90532,-0.32514,0.65757,-0.59982,0.31953
4.2327e+05,-8.0761,-9.0607,6.5274,34.671,-26.604,39.888,0.46237,-0.47429,0.90537,-0.32638,0.6587,-0.59895,0.31757
4.2329e+05,-5.5782,-12.729,6.3591,3.1006,-23.774,-29.536,0.44086,-0.51127,0.86006,-0.32121,0.66657,-0.5935,0.31665
4.233e+05,-3.8907,-14.581,4.237,35.39,-34.755,-109.1,0.42473,-0.53829,0.88788,-0.31622,0.67959,-0.57873,0.32129
4.2332e+05,-1.6789,-13.281,3.2359,58.332,-38.17,-180.48,0.36022,-0.57555,0.87065,-0.31024,0.6967,-0.55569,0.33101
4.2333e+05,-0.038921,-10.169,2.2112,53.668,-33.398,-245.25,0.29032,-0.666,0.8248,-0.30016,0.71746,-0.52618,0.34392
4.2335e+05,0.50739,-6.4046,0.72416,41.982,-23.626,-302.59,0.1828,-0.74092,0.82967,-0.28505,0.74026,-0.49144,0.3595
4.2336e+05,0.10634,-3.5056,-0.55207,0.018792,-2.7813,-347.66,0.1129,-0.74615,0.81838,-0.26176,0.76399,-0.45458,0.37571
4.2338e+05,-0.7644,-3.3567,-0.4629,-64.23,10.604,-378.35,-0.016129,-0.89576,0.80565,-0.22917,0.78792,-0.41904,0.38868
4.2339e+05,-1.6673,-3.7883,-0.88588,-92.559,11.675,-398.79,-0.22043,-0.98671,0.81036,-0.19267,0.81049,-0.38337,0.39877
4.2341e+05,-3.946,-3.9654,-2.5249,-122.92,-2.1715,-415.46,-0.3172,-1.0668,0.79832,-0.15359,0.83203,-0.34752,0.40419
4.2343e+05,-6.1364,-5.2179,-1.4147,-136.82,-28.193,-426.9,-0.51613,-1.0513,0.84904,-0.1137,0.85343,-0.30996,0.4033
4.2344e+05,-8.2188,-8.0628,1.7167,-126.93,-53.475,-427.52,-0.66667,-1.1267,0.90446,-0.075794,0.87421,-0.27012,0.39628
4.2346e+05,-9.6703,-9.3795,2.6649,-129.69,-70.624,-391.85,-0.9086,-1.079,0.94427,-0.040455,0.89229,-0.23309,0.38451
4.2347e+05,-11.182,-10.034,6.8963,-167.56,-61.523,-329.65,-1.0968,-1.1011,1.0171,-0.004377,0.90642,-0.20424,0.36968
4.2349e+05,-10.699,-14.276,5.9551,-91.39,-54.37,-234.66,-1.2366,-1.0691,1.0286,0.017941,0.91605,-0.18157,0.35715
4.235e+05,-5.2276,-13.393,4.8258,-5.827,-26.83,-139.25,-1.3441,-0.99971,1.0406,0.0246,0.92028,-0.1663,0.35331
4.2352e+05,-0.1464,-18.363,5.6583,55.295,18.281,-37.322,-1.371,-0.99954,1.0237,0.023053,0.91963,-0.15893,0.35847
4.2354e+05,0.47872,-16.421,3.5514,152.28,41.938,38.39,-1.3871,-1.0155,1.0123,0.0053894,0.91567,-0.15654,0.37015
4.2355e+05,-2.3011,-10.244,13.549,116.96,114.64,136.99,-1.371,-1.0366,0.98963,-0.013605,0.90721,-0.16907,0.38496
4.2357e+05,-24.287,2.9676,-7.6349,116.55,204.91,419.41,-1.2903,-1.1061,0.98894,-0.050611,0.88432,-0.21794,0.40978
4.2358e+05,-15.305,13.406,-8.3322,-237.14,1.4851,205.43,-1.172,-1.1539,0.94914,-0.038345,0.87743,-0.2594,0.40169
4.236e+05,-5.8982,-24.823,-10.151,-294.23,126.75,223.51,-1.086,-1.1873,1.078,-0.0039133,0.86253,-0.3014,0.40643
4.2361e+05,0.67833,-25.079,18.382,193.2,116.14,165.46,-0.96774,-1.1508,1.1739,-0.026235,0.84991,-0.31048,0.42494
4.2363e+05,-13.899,-11.376,11.494,235.21,51.697,148.12,-0.85484,-1.1557,1.1345,-0.059105,0.84036,-0.31693,0.43572
4.2364e+05,-13.006,-3.2273,12.163,81.225,35.033,112.78,-0.74731,-1.2029,1.0385,-0.074003,0.83304,-0.32935,0.43829
4.2366e+05,-15.854,-10.466,11.195,-91.588,20.577,86.972,-0.67204,-1.1766,1.0837,-0.067013,0.82973,-0.34814,0.43112
4.2368e+05,-17.513,-15.813,6.4258,106.5,-3.7444,53.136,-0.6129,-1.1498,1.0728,-0.080833,0.82762,-0.35082,0.43062
4.2369e+05,-19.371,-4.7646,4.6502,-8.0951,-7.2352,47.769,-0.51613,-1.1658,1.067,-0.084628,0.82581,-0.36122,0.42474
4.2371e+05,-19.728,-7.6838,1.0873,56.183,-20.412,33.487,-0.50538,-1.1282,1.0505,-0.095191,0.82459,-0.36602,0.42074
4.2372e+05,-20.403,-0.63668,1.8016,34.089,-21.965,46.513,-0.4086,-1.048,1.0569,-0.10574,0.82213,-0.37409,0.4159
4.2374e+05,-17.112,2.8477,0.55615,85.222,-22.222,42.131,-0.37634,-1.0425,1.0401,-0.12223,0.81813,-0.37896,0.41486
4.2375e+05,-14.438,7.7034,0.58326,64.51,-15.084,37.661,-0.30645,-1.0053,1.0686,-0.13615,0.81342,-0.38458,0.41463
4.2377e+05,-12.246,8.4849,0.23949,75.361,-12.902,44.441,-0.26344,-0.96217,1.0297,-0.15118,0.80753,-0.39025,0.41562
4.2379e+05,-8.9851,10.336,1.3147,58.378,-12.484,60.682,-0.24731,-0.9835,1.0239,-0.16453,0.80067,-0.39852,0.41598
4.238e+05,-7.371,11.314,0.24425,55.214,-2.8735,104.73,-0.18817,-0.93543,1.03,-0.17932,0.79035,-0.41158,0.41689
4.2382e+05,-7.0962,12.027,0.0011112,13.714,1.9427,151.35,-0.13441,-0.94084,1.0355,-0.19181,0.77766,-0.43169,0.41486
4.2383e+05,-6.7949,10.828,-0.61027,29.842,0.23495,187.58,-0.080645,-0.91945,1.0357,-0.20751,0.76199,-0.45381,0.41277
4.2385e+05,-7.2897,11.656,-0.98043,11.775,-0.61652,218.61,0,-0.90301,0.99659,-0.22314,0.74411,-0.47916,0.40855
4.2386e+05,-7.9485,10.205,-0.44731,-32.317,6.6327,243.73,0.048387,-0.8496,1.0027,-0.23397,0.72555,-0.50803,0.40092
4.2388e+05,-8.5912,5.9007,-1.0992,-56.509,17.064,265.83,0.1129,-0.69983,0.99862,-0.24078,0.70685,-0.53768,0.39152
4.2389e+05,-10.016,0.70033,-0.7799,-50.308,19.069,275.53,0.1828,-0.68919,1.0043,-0.24628,0.68864,-0.56589,0.38064
4.2391e+05,-11.908,-1.6909,-0.13599,10.297,8.0618,268.3,0.30645,-0.65705,0.99905,-0.25724,0.67056,-0.5881,0.37191
4.2393e+05,-14.689,-3.7829,2.6225,47.247,3.1022,251.12,0.36022,-0.54442,0.96647,-0.27099,0.65262,-0.6068,0.36393
4.2394e+05,-19.038,-4.0712,5.1544,47.249,-6.2732,207.92,0.3871,-0.48026,0.96711,-0.28394,0.6378,-0.6218,0.35491
4.2396e+05,-17.045,-3.3618,5.7236,-0.89334,-31.662,147.52,0.44624,-0.48009,0.95026,-0.29071,0.63165,-0.63181,0.34254
4.2397e+05,-9.5934,-6.8817,5.4015,37.256,-21.257,89.709,0.44624,-0.4215,0.97331,-0.29491,0.62859,-0.63485,0.33892
4.2399e+05,-9.0658,-10.475,6.7203,45.791,-17.259,21.83,0.46237,-0.47469,0.94469,-0.29595,0.63071,-0.63233,0.3388
4.24e+05,-7.3544,-12.664,5.3781,34.395,-34.88,-64.546,0.46237,-0.47975,0.91655,-0.29327,0.64141,-0.62205,0.34006
4.2402e+05,-3.7502,-13.712,4.0061,42.382,-35.533,-141.61,0.37097,-0.53863,0.92158,-0.28725,0.65774,-0.60433,0.3459
4.2404e+05,-1.8027,-12.076,3.4034,50.347,-34.083,-212.22,0.32258,-0.55433,0.88772,-0.27822,0.67875,-0.57919,0.35557
4.2405e+05,-1.2871,-9.1064,2.0406,45.643,-29.939,-274.26,0.23118,-0.58079,0.85936,-0.26498,0.70317,-0.54782,0.36772
4.2407e+05,-0.78326,-5.3581,0.87835,23.938,-19.436,-324.48,0.11828,-0.69279,0.83015,-0.2459,0.72909,-0.51253,0.38115
4.2408e+05,-1.3734,-1.7973,-0.91123,-14.168,-3.1223,-363.4,0.021505,-0.81037,0.82336,-0.21998,0.7546,-0.47586,0.39464
4.241e+05,-2.7379,-2.0884,-1.2169,-99.978,14.233,-392.98,-0.1129,-0.91731,0.82229,-0.18309,0.78007,-0.44215,0.40308
4.2411e+05,-4.3655,-5.2859,-0.1688,-160.39,1.3569,-416.6,-0.32796,-0.99763,0.83272,-0.13936,0.80639,-0.4088,0.40397
4.2413e+05,-7.7811,-7.7256,0.14614,-142.79,-28.157,-436.65,-0.43011,-1.0189,0.81565,-0.09874,0.83222,-0.37111,0.39991
4.2414e+05,-6.7186,-6.9539,-0.35359,-78.401,-67.478,-441.93,-0.67204,-1.0836,0.8768,-0.067384,0.856,-0.32793,0.39393
4.2416e+05,-4.4194,-5.6689,2.7184,-96.784,-52.993,-433.69,-0.81183,-1.0996,0.86541,-0.033961,0.87577,-0.28598,0.3874
4.2418e+05,-8.2178,-8.3746,3.6293,-154.5,-54.407,-393.46,-1.0215,-1.0843,0.94421,0.0032273,0.89253,-0.25054,0.37499
4.2419e+05,-12.506,-16.659,9.5276,-129.54,-45.465,-320.81,-1.1344,-1.074,0.98364,0.035307,0.90582,-0.21969,0.36052
4.2421e+05,-7.4873,-14.804,4.6566,56.481,-43.29,-224.36,-1.3118,-0.99425,1.0294,0.038016,0.9145,-0.19128,0.35448
4.2422e+05,-2.9585,-12.112,6.9939,63.793,4.5433,-106.58,-1.4516,-1.0741,0.99488,0.034169,0.91639,-0.17716,0.35731
4.2424e+05,-0.22126,-13.928,3.5693,49.22,28.662,1.6347,-1.4839,-0.99391,0.99568,0.028766,0.9133,-0.17628,0.36603
4.2425e+05,-1.0339,-15.22,0.27119,124.31,51.789,77.912,-1.4624,-1.0044,0.9731,0.011768,0.90712,-0.18061,0.37997
4.2427e+05,-3.6371,-10.367,13.547,38.653,106.68,187.7,-1.4624,-1.0474,0.99514,-0.00017618,0.89732,-0.20315,0.39185
4.2429e+05,-24.188,15.771,-15.952,222.88,224.19,384.43,-1.3925,-1.1168,0.98883,-0.046065,0.87147,-0.2401,0.42517
4.243e+05,-16.057,4.5724,7.1864,-406.45,-17.015,227.95,-1.2151,-1.1495,1.0447,-0.015682,0.86582,-0.295,0.40384
4.2432e+05,-9.4693,-24.771,-20.174,-145.97,83.098,249.33,-1.1344,-1.161,1.1232,-0.0031508,0.84915,-0.33111,0.41146
4.2433e+05,3.8363,-24.993,12.849,153.95,142.11,204.63,-0.94624,-1.1725,1.2074,-0.020672,0.83216,-0.34622,0.43268
4.2435e+05,-14.427,-10.056,16.743,150.17,57.44,171.08,-0.95699,-1.1988,1.1678,-0.044509,0.82099,-0.35972,0.44113
4.2436e+05,-9.5131,-13.575,11.359,86.8,34.261,106.63,-0.77957,-1.1714,1.095,-0.05695,0.81402,-0.36909,0.44486
4.2438e+05,-12.442,-9.1245,13.423,-25.465,34.644,82.339,-0.6828,-1.1232,1.0899,-0.056528,0.80869,-0.38309,0.4428
4.2439e+05,-20.595,-14.997,8.3429,60.08,3.1202,43.151,-0.62903,-1.1928,1.0948,-0.0649,0.807,-0.38751,0.44088
4.2441e+05,-18.341,-6.2592,5.1395,56.935,-6.362,34.96,-0.58602,-1.1392,1.0841,-0.074711,0.80506,-0.39205,0.43885
4.2443e+05,-19.16,-6.6843,1.7054,13.515,-12.277,27.376,-0.52151,-1.1177,1.0787,-0.079979,0.804,-0.39846,0.43407
4.2444e+05,-21.39,-2.4049,2.0271,80.247,-17.986,31.628,-0.44624,-1.0643,1.0792,-0.094377,0.80174,-0.40173,0.43233
4.2446e+05,-18.187,3.7549,1.446,69.143,-19.526,39.336,-0.43011,-1.0055,1.0798,-0.1088,0.79815,-0.40671,0.43094
4.2447e+05,-13.792,6.4146,0.84189,73.624,-19.037,29.63,-0.36022,-0.99988,1.0574,-0.12298,0.79417,-0.41033,0.43105
4.2449e+05,-11.91,6.5574,0.64527,77.601,-16.492,31.898,-0.27957,-0.99982,1.0518,-0.1372,0.78955,-0.41385,0.43188
4.245e+05,-9.2824,8.5639,1.4025,79.058,-16.11,44.95,-0.26882,-0.97314,1.0577,-0.15176,0.78378,-0.41846,0.43307
4.2452e+05,-7.2805,9.9514,0.014661,65.034,-11.935,76.63,-0.21505,-0.92992,1.0132,-0.16631,0.77556,-0.42716,0.43404
4.2454e+05,-6.4409,10.583,-0.1152,52.696,-2.6157,120.08,-0.19892,-0.99937,1.0069,-0.18112,0.76412,-0.44115,0.4344
4.2455e+05,-6.3027,11.678,0.25858,30.846,5.3225,164.18,-0.14516,-0.88168,1.0024,-0.19541,0.74985,-0.46045,0.43305
4.2457e+05,-7.0326,10.987,0.3528,21.162,4.7781,195.87,-0.080645,-0.87628,0.99686,-0.21009,0.73366,-0.48268,0.42968
4.2458e+05,-7.1075,10.421,-0.43674,-8.0471,6.0691,221.46,0,-0.81189,0.97503,-0.22274,0.71618,-0.50776,0.42386
4.246e+05,-8.0788,6.6568,-0.59253,-49.674,5.5155,245.75,0.096774,-0.81239,1.0256,-0.23109,0.69931,-0.53532,0.41351
4.2461e+05,-9.5959,2.5482,-0.99819,-42.204,-3.072,265.25,0.1129,-0.75335,1.0037,-0.24005,0.68205,-0.56218,0.40141
4.2463e+05,-10.468,-0.5274,-0.41116,-3.2006,4.3627,274.1,0.20968,-0.68384,1.0044,-0.25109,0.66358,-0.58591,0.39156
4.2464e+05,-11.849,-0.9862,0.1849,52.417,11.088,260.46,0.24194,-0.63577,1.0105,-0.26541,0.64391,-0.60468,0.38639
4.2466e+05,-14.148,-2.7729,3.385,92.454,4.2297,234.48,0.36559,-0.59784,0.96031,-0.28211,0.62553,-0.61862,0.38268
4.2468e+05,-18.423,-2.3056,7.2626,38.628,5.3503,181.94,0.43548,-0.5227,0.93298,-0.29203,0.61296,-0.63136,0.37467
4.2469e+05,-16.847,-2.4075,6.8315,-28.88,-26.252,119.83,0.45161,-0.48516,0.92211,-0.29498,0.61019,-0.64045,0.36122
4.2471e+05,-11.069,-7.8985,5.6055,-21.941,-20.884,68.502,0.43548,-0.45859,0.93923,-0.29353,0.61134,-0.64484,0.35254
4.2472e+05,-9.0947,-13.811,8.6264,-23.223,-23.219,9.7201,0.41935,-0.44773,0.92249,-0.28873,0.61745,-0.64491,0.34566
4.2474e+05,-7.2503,-15.693,5.9031,21.653,-34.791,-66.008,0.39785,-0.51178,0.91061,-0.2847,0.62882,-0.63573,0.34551
4.2475e+05,-3.8682,-13.65,3.8489,67.722,-49.83,-140.42,0.36559,-0.54381,0.90467,-0.28215,0.64519,-0.61657,0.35208
4.2477e+05,-0.85269,-10.481,3.2963,54.729,-42.009,-210.62,0.33333,-0.58124,0.9043,-0.27422,0.66682,-0.59115,0.36152
4.2479e+05,-0.083331,-8.0346,2.1598,34.238,-30.938,-271.86,0.21505,-0.64501,0.86434,-0.25995,0.69207,-0.56083,0.37273
4.248e+05,-0.32679,-5.4462,0.38805,22.332,-15.832,-320.71,0.12903,-0.71452,0.86364,-0.24043,0.71846,-0.52625,0.38609
4.2482e+05,-1.3513,-3.5202,-0.55474,-21.539,-0.99083,-357.24,0.010753,-0.78375,0.83486,-0.21351,0.74489,-0.49097,0.39812
4.2483e+05,-1.595,-4.1247,-1.3223,-75.327,8.4828,-384.75,-0.069892,-0.82664,0.84567,-0.17908,0.77101,-0.45607,0.40678
4.2485e+05,-4.0592,-5.1703,-2.8875,-102.21,5.7946,-405.12,-0.26882,-0.98165,0.8385,-0.14175,0.79551,-0.42116,0.41194
4.2486e+05,-5.7683,-4.1322,-1.087,-123.56,-30.923,-415.07,-0.48387,-1.0568,0.87145,-0.10478,0.82013,-0.38567,0.40948
4.2488e+05,-5.3262,-5.9251,0.59833,-122.65,-38.553,-418.02,-0.5914,-1.0786,0.91056,-0.067896,0.84291,-0.34856,0.40423
4.2489e+05,-8.1149,-9.0628,3.0451,-174.65,-63.078,-388.64,-0.84409,-1.0522,0.94453,-0.027823,0.86427,-0.31595,0.39045
4.2491e+05,-8.0786,-11.697,5.5613,-194.02,-67.706,-338.33,-0.95161,-1.0205,0.97856,0.011564,0.88165,-0.28861,0.37317
4.2493e+05,-10.175,-17.92,7.466,-138.54,-54.395,-264.21,-1.1505,-1.0907,1.0453,0.041634,0.8944,-0.26542,0.35759
4.2494e+05,-6.6359,-15.907,4.8107,8.6945,-40.681,-167.09,-1.2581,-1.0057,1.1023,0.048142,0.90195,-0.24654,0.35126
4.2496e+05,-1.7055,-14.802,7.7385,56.262,14.424,-68.797,-1.3226,-0.98947,1.0856,0.046004,0.90305,-0.23676,0.35542
4.2497e+05,-0.29984,-14.704,5.4765,82.661,26.143,12.229,-1.3333,-1.0159,1.0573,0.037416,0.90054,-0.23545,0.36359
4.2499e+05,-0.32944,-12.912,1.8435,114.83,55.747,74.059,-1.3387,-0.99459,1.0631,0.02201,0.89375,-0.24023,0.37817
4.25e+05,-1.993,-7.0501,16.428,42.361,130.62,192.85,-1.3226,-1.0746,1.0454,0.010686,0.88052,-0.26339,0.39396
4.2502e+05,-24.219,14.768,-15.697,47.978,222.5,379.93,-1.1237,-1.0909,1.0734,-0.011916,0.85195,-0.30831,0.42307
4.2504e+05,-11.174,-9.3072,4.9157,-322.93,84.171,189.07,-1.086,-1.1552,1.0783,0.017733,0.83878,-0.35167,0.41528
4.2505e+05,-6.7576,-24.907,-3.8829,-111.04,76.161,223.27,-0.96237,-1.1198,1.2866,0.026349,0.82361,-0.38302,0.41746
4.2507e+05,-8.2351,-18.698,5.4415,302.97,68.85,180.48,-0.8871,-1.0929,1.2644,-0.012277,0.81128,-0.38694,0.43812
4.2508e+05,-15.534,-6.113,15.278,16.535,42.976,157.86,-0.74194,-1.1988,1.1622,-0.02213,0.80072,-0.40683,0.43914
4.251e+05,-7.5857,-15.314,11.638,42.469,37.155,104.49,-0.68817,-1.0918,1.1632,-0.029001,0.79341,-0.41776,0.44175
4.2511e+05,-14.143,-12.281,12.712,4.1634,31.154,71.241,-0.54839,-1.1079,1.1631,-0.031549,0.78835,-0.42805,0.44078
4.2513e+05,-21.663,-10.715,9.5919,47.626,-1.4152,52.286,-0.48925,-1.1027,1.18,-0.040937,0.78597,-0.43419,0.43824
4.2514e+05,-19.942,-3.1061,5.2996,6.972,-4.6394,46.865,-0.44624,-1.1133,1.1743,-0.047581,0.78306,-0.44286,0.43408
4.2516e+05,-21.207,-6.1776,-1.0088,14.45,-11.388,38.922,-0.37097,-1.0065,1.1866,-0.055464,0.78077,-0.45011,0.4298
4.2518e+05,-19.894,-1.1203,0.66938,71.363,-10.806,41.379,-0.33333,-0.98547,1.2205,-0.070199,0.77721,-0.45431,0.42967
4.2519e+05,-17.151,4.9111,0.27519,90.852,-15.743,38.842,-0.23118,-1.0007,1.1417,-0.087965,0.77278,-0.45717,0.43135
4.2521e+05,-13.29,8.0723,0.21289,75.387,-9.8086,35.864,-0.19892,-0.95783,1.1309,-0.10343,0.76761,-0.46049,0.43362
4.2522e+05,-10.488,9.0965,0.58849,83.348,-12.205,42.98,-0.20968,-0.94686,1.1029,-0.11955,0.76157,-0.4639,0.43647
4.2524e+05,-8.0041,10.146,0.55154,60.039,-8.7809,72.088,-0.15591,-0.91483,1.1088,-0.13433,0.75352,-0.47136,0.43815
4.2525e+05,-6.9283,11.127,-0.11464,52.598,2.3647,121.63,-0.13978,-0.95755,1.1028,-0.15025,0.7412,-0.48425,0.43995
4.2527e+05,-6.9049,12.475,0.45329,27.688,7.2737,161.9,-0.096774,-0.88787,1.0866,-0.16552,0.72622,-0.50209,0.43944
4.2529e+05,-7.1214,12.418,-0.13981,29.013,5.699,196.38,-0.026882,-0.87189,1.0924,-0.18306,0.70858,-0.52211,0.43795
4.253e+05,-7.4447,11.521,-0.99538,-14.955,8.4049,224.32,0.032258,-0.82348,1.0648,-0.19741,0.68975,-0.54581,0.43285
4.2532e+05,-7.9563,7.419,-1.0777,-50.682,16.415,252.88,0.13441,-0.73269,1.0769,-0.20763,0.67141,-0.57127,0.42397
4.2533e+05,-9.0818,2.1529,-1.2018,-59.832,20.45,270.78,0.17742,-0.68446,1.0662,-0.21474,0.65337,-0.59723,0.41269
4.2535e+05,-11.067,-1.0833,-0.30223,-18.543,14.19,272.69,0.2957,-0.61495,1.0669,-0.22528,0.63521,-0.61969,0.40218
4.2536e+05,-12.247,-1.8915,-1.1414,39.818,3.0531,258.85,0.32258,-0.57211,1.0617,-0.2405,0.61689,-0.63637,0.39578
4.2538e+05,-13.668,-3.9945,4.0764,87.741,8.5945,240.64,0.37097,-0.51324,1.0567,-0.25728,0.59747,-0.65025,0.39243
4.2539e+05,-19.493,-1.9844,5.7732,50.643,11.414,183.28,0.43011,-0.42707,0.99573,-0.26928,0.58337,-0.66189,0.3861
4.2541e+05,-16.515,-1.7449,6.7572,-23.896,-28.766,114.53,0.44086,-0.39487,0.98482,-0.27379,0.58061,-0.66987,0.37309
4.2543e+05,-9.3101,-7.899,6.2014,-18.515,-10.072,63.447,0.48387,-0.42707,0.99573,-0.2719,0.58157,-0.67383,0.36578
4.2544e+05,-9.5428,-12.861,7.0651,16.859,-23.664,-13.86,0.48387,-0.42155,0.97893,-0.26987,0.58865,-0.66996,0.36306
4.2546e+05,-6.3856,-14.987,5.6899,25.914,-47.49,-92.232,0.44086,-0.45904,0.98417,-0.26629,0.6035,-0.65816,0.36292
4.2547e+05,-2.6109,-14.684,3.5499,52.268,-53.146,-163,0.39247,-0.49669,1.0063,-0.26146,0.62352,-0.63818,0.36822
4.2549e+05,-0.37932,-12.202,2.7778,67.371,-47.914,-229,0.33333,-0.53913,0.97214,-0.25384,0.64765,-0.61093,0.378
4.255e+05,0.44523,-7.7972,2.1193,53.267,-36.195,-289.73,0.2043,-0.73151,0.95898,-0.24024,0.67504,-0.57838,0.38998
4.2552e+05,0.23238,-3.8876,-0.036552,25.883,-17.17,-344.39,0.17204,-0.77953,0.94726,-0.21941,0.70443,-0.54129,0.4033
4.2554e+05,-0.86311,-2.5133,-1.9735,-28.106,7.3944,-382.39,0,-0.87555,0.92383,-0.18926,0.73294,-0.50432,0.4155
4.2555e+05,-1.9978,-4.9282,-1.8644,-97.369,14.769,-409.71,-0.10215,-0.95058,0.93993,-0.15029,0.76132,-0.46904,0.42167
4.2557e+05,-4.1476,-7.6553,-3.2506,-86.043,8.9688,-429.97,-0.31183,-0.98823,0.96203,-0.11221,0.7876,-0.43076,0.42608
4.2558e+05,-4.7975,-5.21,-3.3049,-62.236,-13.925,-438.48,-0.51613,-1.09,0.98348,-0.079004,0.81152,-0.38989,0.428
4.256e+05,-6.9693,-6.8385,2.4884,-124.24,-31.089,-433.21,-0.64516,-1.1168,0.98883,-0.04051,0.83521,-0.35202,0.42055
4.2561e+05,-9.8151,-9.8101,1.6833,-111.53,-55.17,-397.17,-0.89785,-1.0852,1.0341,-0.0071218,0.85622,-0.31601,0.40861
4.2563e+05,-10.625,-12.534,6.2021,-154.97,-68.841,-339.01,-0.98925,-1.0802,1.0678,0.027417,0.87401,-0.28752,0.39076
4.2564e+05,-9.8427,-16.596,7.0609,-38.128,-71.892,-255.62,-1.1774,-1.0219,1.119,0.043818,0.88779,-0.26103,0.37653
4.2566e+05,-5.1136,-9.2401,5.483,-4.8799,-34.955,-153,-1.3441,-0.99459,1.0631,0.048803,0.894,-0.24609,0.37126
4.2568e+05,-0.11749,-16.166,4.3191,-11.667,14.921,-36.786,-1.3387,-0.97354,1.097,0.054371,0.89338,-0.24312,0.3739
4.2569e+05,0.40624,-22.495,3.5863,124.1,39.076,50.016,-1.328,-0.97365,1.1082,0.042277,0.89011,-0.24228,0.38369
4.2571e+05,-2.932,-14.832,4.6175,170.18,81.616,132.2,-1.3441,-1.0266,1.0571,0.018548,0.88171,-0.25032,0.39948
4.2572e+05,-19.906,3.2723,-12.986,316.89,170.05,309.21,-1.2634,-1.0852,1.0341,-0.035851,0.85932,-0.27236,0.4314
4.2574e+05,-24.681,24.521,4.9382,-203.76,-67.822,252.33,-1.1667,-1.1062,0.99456,-0.034541,0.85296,-0.31784,0.4126
4.2575e+05,-1.2576,-24.307,11.178,-473.9,126.13,199.92,-1.0591,-1.1125,1.09,0.019856,0.83815,-0.36742,0.40264
4.2577e+05,-4.6044,-24.941,1.7286,115.45,1.9868,196.17,-0.90323,-1.114,1.2417,0.00084948,0.82887,-0.38361,0.40721
4.2579e+05,-11.477,-15.643,0.35531,238.72,62.993,166.74,-0.83333,-1.1509,1.1851,-0.030758,0.81624,-0.39131,0.42389
4.258e+05,-13.565,-7.8995,9.3155,130.97,50.443,120.93,-0.6828,-1.15,1.1009,-0.04986,0.80627,-0.40075,0.43225
4.2582e+05,-12.551,-5.5654,11.06,-110.12,51.792,107.28,-0.63441,-1.1497,1.0672,-0.041482,0.79793,-0.42276,0.42763
4.2583e+05,-17.313,-20.931,6.232,25.322,27.452,62.181,-0.54839,-1.1985,1.1285,-0.044253,0.794,-0.43052,0.42692
4.2585e+05,-18.292,-10.064,7.5839,77.283,11.878,47.558,-0.44624,-1.07,1.1129,-0.055352,0.79045,-0.43457,0.4281
4.2586e+05,-19.388,-6.367,3.8991,30.483,0.56465,32.99,-0.39247,-1.0644,1.0905,-0.062504,0.78801,-0.44026,0.42579
4.2588e+05,-22.632,-4.6792,1.3895,44.338,-10.089,35.734,-0.34409,-1.0642,1.0736,-0.073108,0.78543,-0.44578,0.42312
4.2589e+05,-18.788,-0.043965,1.4623,99.987,-19.441,35.355,-0.32258,-1.0215,1.0797,-0.090583,0.78194,-0.44796,0.4239
4.2591e+05,-15.116,5.1025,1.4661,90.936,-16.253,29.445,-0.25806,-0.96774,1.0521,-0.10691,0.77773,-0.45004,0.42564
4.2593e+05,-12.661,6.5905,1.4574,102.92,-17.476,25.478,-0.24194,-1.0156,1.0292,-0.12387,0.77309,-0.45097,0.4285
4.2594e+05,-10.026,8.27,0.77762,107.87,-20.263,35.55,-0.20968,-0.94067,1.0187,-0.14174,0.76731,-0.45233,0.43191
4.2596e+05,-8.9275,10.286,0.2666,72.785,-21.786,65.496,-0.14516,-0.95637,0.98482,-0.1578,0.75989,-0.45874,0.4327
4.2597e+05,-7.2547,11.154,0.53297,31.207,-9.1971,111.21,-0.12366,-0.95108,0.99049,-0.17079,0.74946,-0.47218,0.4315
4.2599e+05,-6.7053,12.511,-0.50821,34.857,-3.7215,152.01,-0.080645,-0.88692,0.99113,-0.18633,0.73534,-0.48893,0.4307
4.26e+05,-5.9806,12.127,-0.40841,8.9303,0.16059,188.7,-0.043011,-0.90819,0.97968,-0.20024,0.71894,-0.51001,0.42769
4.2602e+05,-7.0379,11.291,-0.7406,-0.70113,3.7963,217.44,0.05914,-0.78521,0.98091,-0.21469,0.70081,-0.53252,0.42332
4.2604e+05,-8.2151,9.1295,-0.43664,-51.39,5.9485,241.99,0.16129,-0.74767,0.97005,-0.22456,0.68378,-0.55756,0.41369
4.2605e+05,-8.9606,3.846,-0.88247,-77.3,9.671,264.52,0.23118,-0.69977,0.993,-0.22987,0.66801,-0.5835,0.40056
4.2607e+05,-10.653,-1.2726,-0.46865,-39.677,5.2312,272.24,0.29032,-0.68378,0.99878,-0.23755,0.65125,-0.60736,0.38802
4.2608e+05,-12.856,-2.1025,1.0552,33.45,9.2655,264.07,0.30645,-0.57161,1.0111,-0.25099,0.63214,-0.62653,0.38061
4.261e+05,-17.263,-3.4017,4.6126,68.659,2.886,241.95,0.3871,-0.57656,0.97176,-0.26705,0.61338,-0.64235,0.37394
4.2611e+05,-20.782,-1.7025,8.0041,40.913,1.1515,194.12,0.41935,-0.47998,0.93902,-0.27902,0.59912,-0.65564,0.36516
4.2613e+05,-16.038,-1.4788,6.2345,1.5872,-20.922,133.58,0.47849,-0.39983,0.94544,-0.28509,0.59368,-0.66366,0.35472
4.2614e+05,-11.049,-6.6253,7.5823,15.255,-9.0326,78.53,0.53226,-0.38874,0.90622,-0.28666,0.59206,-0.66711,0.34965
4.2616e+05,-9.8629,-11.36,7.8601,-4.0125,-23.112,8.7358,0.48387,-0.36758,0.92891,-0.28394,0.59779,-0.6659,0.34439
4.2618e+05,-7.3262,-14.151,6.5202,16.622,-33.619,-64.808,0.48387,-0.38351,0.91751,-0.27995,0.60971,-0.65713,0.3436
4.2619e+05,-4.5053,-14.863,4.987,40.944,-47.109,-136.36,0.43548,-0.50649,0.91628,-0.27539,0.62732,-0.64024,0.34746
4.2621e+05,-3.006,-12.039,4.5122,65.597,-50.902,-203.43,0.36022,-0.52219,0.88242,-0.2698,0.64939,-0.61542,0.35602
4.2622e+05,-1.7132,-7.7463,2.1825,62.294,-53.803,-267.79,0.26344,-0.63994,0.89248,-0.26059,0.67571,-0.5837,0.36717
4.2624e+05,-0.49668,-4.1431,0.39939,35.443,-35.688,-322.8,0.15054,-0.65548,0.84176,-0.24423,0.70416,-0.54772,0.38015
4.2625e+05,-1.0429,-1.9384,-1.1021,-25.401,-9.5631,-358.71,-0.0053763,-0.75707,0.84074,-0.21789,0.73241,-0.5123,0.39198
4.2627e+05,-2.1683,-3.8949,-0.48232,-109.23,5.4914,-384.84,-0.064516,-0.85866,0.83973,-0.18057,0.76114,-0.47941,0.39778
4.2629e+05,-3.2663,-6.0948,-1.1057,-118.75,-3.0982,-409.35,-0.24731,-0.96054,0.8668,-0.14175,0.78866,-0.44433,0.40061
4.263e+05,-6.0616,-6.454,-2.1252,-112.41,-25.32,-426.11,-0.44086,-1.0143,0.89435,-0.10511,0.81479,-0.40658,0.3997
4.2632e+05,-4.8202,-4.6089,-2.4678,-73.399,-46.142,-431.57,-0.54839,-1.0303,0.89419,-0.074488,0.83814,-0.36531,0.39814
4.2633e+05,-4.8198,-5.8523,1.1463,-175.24,-40.449,-424.13,-0.83871,-1.0839,0.90489,-0.031952,0.85957,-0.32933,0.38945
4.2635e+05,-8.4547,-13.155,3.4104,-169.82,-51.994,-375.5,-0.93548,-1.0096,0.96181,0.0075221,0.87818,-0.29637,0.37537
4.2636e+05,-9.2974,-14.768,7.7955,-138.18,-45.193,-306.68,-1.129,-1.0264,1.0347,0.039221,0.89205,-0.26868,0.36128
4.2638e+05,-9.3294,-14.461,5.0272,-21.665,-45.198,-208.27,-1.2366,-0.99971,1.0406,0.050255,0.90142,-0.24688,0.35208
4.2639e+05,-3.5875,-12.8,6.8602,14.619,-0.82985,-102.69,-1.3656,-0.98378,1.052,0.052745,0.90401,-0.23573,0.35274
4.2641e+05,0.41305,-16.431,3.2254,32.694,26.094,-3.3273,-1.3871,-0.99949,1.0181,0.051738,0.90129,-0.23448,0.36059
4.2643e+05,0.4206,-16.108,2.6865,106.17,49.869,59.511,-1.4194,-1.08,1.051,0.039444,0.89581,-0.2372,0.37378
4.2644e+05,-1.9954,-12.341,11.363,45.807,130.83,158.45,-1.3925,-1.0105,1.0461,0.03033,0.88386,-0.25503,0.39094
4.2646e+05,-24.119,3.8257,-14.01,216.67,245.01,372.46,-1.3333,-1.0323,1.0908,-0.012192,0.85553,-0.28956,0.42904
4.2647e+05,-15.26,10.6,11.327,-297.37,-38.715,206.33,-1.1613,-1.1658,1.067,0.0041148,0.84848,-0.33567,0.40912
4.2649e+05,-10.262,-24.893,-6.3756,-281.41,89.275,209.33,-1.0591,-1.1087,1.2473,0.033967,0.83342,-0.37498,0.40454
4.265e+05,-4.275,-24.954,2.1294,301.54,59.817,184.12,-1.0108,-1.1144,1.2754,-0.0026982,0.82196,-0.3789,0.42522
4.2652e+05,-11.302,-8.8282,6.883,38.458,67.847,178.06,-0.83333,-1.1078,1.1518,-0.014281,0.80862,-0.39962,0.43155
4.2654e+05,-8.9794,-14.009,8.987,98.013,44.045,110.65,-0.76882,-1.1613,1.1569,-0.027676,0.80029,-0.40841,0.43815
4.2655e+05,-13.415,-12.111,11.118,-43.931,48.048,78.464,-0.65591,-1.1451,1.1402,-0.024347,0.7939,-0.42252,0.43658
4.2657e+05,-20.621,-15.666,6.9624,98.701,10.722,48.094,-0.65591,-1.1025,1.1631,-0.037145,0.79122,-0.42486,0.43827
4.2658e+05,-18.172,-5.3561,6.4635,22.184,12.667,42.687,-0.52151,-1.1184,1.1405,-0.043235,0.7878,-0.43208,0.43682
4.266e+05,-18.247,-7.6444,3.5122,3.248,4.1503,23.724,-0.43548,-1.0225,1.1808,-0.04653,0.78619,-0.43803,0.43344
4.2661e+05,-20.681,-4.0784,0.57168,89.332,-6.0381,28.032,-0.41398,-1.0651,1.1579,-0.061499,0.78353,-0.43996,0.43443
4.2663e+05,-18.345,3.1213,1.2333,74.321,-15.129,28.492,-0.34409,-1.0379,1.1132,-0.076327,0.78042,-0.44301,0.43459
4.2664e+05,-14.965,5.5612,0.86982,93.817,-14.278,18.711,-0.3172,-1.006,1.136,-0.092499,0.77697,-0.44372,0.43688
4.2666e+05,-12.694,6.8554,0.54402,103.48,-20.13,19.055,-0.23656,-0.96307,1.1196,-0.1099,0.77328,-0.44363,0.4395
4.2668e+05,-10.508,9.8401,0.60778,93.927,-23.084,38.701,-0.25269,-0.99999,1.0687,-0.12726,0.76797,-0.44621,0.4415
4.2669e+05,-7.4823,11.428,-0.2738,63.966,-19.028,78.134,-0.23656,-0.98389,1.0632,-0.14313,0.75984,-0.4545,0.44226
4.2671e+05,-5.8967,13.593,-0.5134,28.599,-3.7743,127.69,-0.17204,-0.88258,1.0923,-0.15737,0.74794,-0.46962,0.4419
4.2672e+05,-6.1796,12.085,-1.2783,0.085736,-0.70111,166.21,-0.13441,-0.89834,1.0641,-0.17029,0.73365,-0.48986,0.43909
4.2674e+05,-6.4685,10.152,-0.92702,-0.44371,0.44419,197.14,-0.086022,-0.8769,1.0586,-0.184,0.7173,-0.51212,0.43516
4.2675e+05,-7.635,9.7246,-0.82248,-11.995,1.368,224.13,-0.0053763,-0.85011,1.0533,-0.198,0.69922,-0.53633,0.42924
4.2677e+05,-8.0414,7.6629,-1.1604,-52.128,4.8322,246.79,0.10215,-0.72194,1.0714,-0.20851,0.68154,-0.56206,0.41967
4.2679e+05,-8.7435,2.8309,-1.5892,-63.856,5.0584,265.67,0.13978,-0.66335,1.0945,-0.21618,0.66436,-0.58797,0.40766
4.268e+05,-10.398,-1.4038,-0.50356,-29.732,7.4963,272.53,0.23656,-0.63622,1.0554,-0.22543,0.64658,-0.61158,0.39634
4.2682e+05,-12.486,-1.6839,1.027,41.454,3.1349,265.46,0.32258,-0.58838,1.084,-0.24096,0.62747,-0.62985,0.38924
4.2683e+05,-13.618,-2.3935,3.7796,88.188,14.329,243.87,0.34409,-0.54538,1.062,-0.25751,0.60751,-0.64432,0.38662
4.2685e+05,-19.977,-1.3466,7.3651,44.742,29.221,201.46,0.44086,-0.4699,1.0009,-0.26837,0.59107,-0.65869,0.38045
4.2686e+05,-17.908,-2.0075,6.0177,-7.957,-17.318,129.23,0.43011,-0.41114,1.0071,-0.27415,0.58558,-0.66765,0.36902
4.2688e+05,-9.8931,-7.1962,7.2869,1.9504,-0.74685,70.784,0.45699,-0.3575,0.99081,-0.27354,0.58456,-0.67169,0.36374
4.2689e+05,-10.301,-10.772,8.3917,29.407,-5.8844,0.14457,0.45699,-0.40579,1.0072,-0.27176,0.58894,-0.66904,0.36288
4.2691e+05,-7.5464,-12.788,6.6039,19.573,-29.807,-78.9,0.4086,-0.44778,0.92811,-0.26686,0.602,-0.65928,0.36296
4.2693e+05,-3.8099,-13.81,5.2334,31.456,-39.143,-155.86,0.36559,-0.50683,0.94999,-0.25945,0.62153,-0.64166,0.36696
4.2694e+05,-2.3109,-12.113,4.1329,61.769,-39.321,-222.72,0.26882,-0.60825,0.93212,-0.2508,0.64496,-0.61603,0.37634
4.2696e+05,-1.7859,-8.5806,2.6192,62.457,-40.549,-281.84,0.24194,-0.60251,0.89285,-0.23906,0.67222,-0.58368,0.38766
4.2697e+05,-1.0877,-5.1974,0.35884,46.364,-29.248,-332.76,0.11828,-0.77925,0.91917,-0.22167,0.70087,-0.5469,0.40068
4.2699e+05,-1.3146,-3.4827,-0.60219,-14.032,-8.0073,-368.56,0.048387,-0.78977,0.90221,-0.19482,0.72984,-0.51003,0.4114
4.27e+05,-1.4313,-3.1205,-1.5756,-71.249,5.7558,-390.97,-0.14516,-0.9284,0.8615,-0.16048,0.7569,-0.47532,0.41882
4.2702e+05,-3.8661,-5.0454,-1.7638,-124.28,6.5083,-414.31,-0.25269,-0.92868,0.88959,-0.12013,0.78354,-0.44119,0.42069
4.2704e+05,-5.6341,-5.7848,-1.5479,-93.748,-25.856,-427.85,-0.47312,-1.0199,0.91677,-0.084993,0.8092,-0.40305,0.41897
4.2705e+05,-5.8376,-3.5678,-2.7206,-77.552,-21.95,-429.64,-0.69892,-1.0628,0.92757,-0.052663,0.83086,-0.36357,0.41798
4.2707e+05,-10.149,-7.4032,2.1257,-200.11,-52.844,-404.46,-0.80645,-1.0634,0.98937,-0.0095824,0.85294,-0.33222,0.40254
4.2708e+05,-9.7647,-11.867,3.8078,-163.96,-70.196,-348.04,-1.0484,-1.0317,1.0346,0.025953,0.87135,-0.30325,0.38487
4.271e+05,-9.6979,-14.756,6.129,-123.22,-65.125,-274.78,-1.1505,-1.0592,1.1074,0.052816,0.88518,-0.27938,0.36827
4.2711e+05,-7.1956,-14.064,6.5705,-16.223,-42.973,-176.86,-1.3065,-1.0485,1.1019,0.061701,0.89358,-0.26136,0.35972
4.2713e+05,-1.7553,-13.492,7.1608,37.798,4.9984,-76.036,-1.4194,-1.0484,1.0963,0.060917,0.89531,-0.25219,0.36209
4.2714e+05,0.45197,-17.483,6.0225,57.589,41.52,16.771,-1.3978,-1.0273,1.1302,0.056623,0.89221,-0.25186,0.37056
4.2716e+05,-1.3491,-18,4.7704,127.05,90.14,112.2,-1.4032,-1.016,1.0685,0.040985,0.8839,-0.25905,0.3872
4.2718e+05,-20.576,-9.1057,-12.441,188.25,217.74,340.47,-1.3656,-1.0429,1.0851,0.0016172,0.85879,-0.29228,0.42076
4.2719e+05,-24.556,24.382,-7.9053,-6.7382,-108.63,292.54,-1.2204,-1.1443,1.0616,-0.023597,0.85102,-0.33009,0.40773
4.2721e+05,2.0431,-16.221,13.184,-461.35,142.2,228.26,-1.0968,-1.1924,1.0611,0.027584,0.83229,-0.38249,0.40028
4.2722e+05,-7.7555,-24.952,-0.35117,-60.769,44.164,247.84,-0.98387,-1.1784,1.2579,0.027648,0.81699,-0.41386,0.4006
4.2724e+05,-5.8664,-24.32,9.0957,223.78,70.078,173.97,-0.84946,-1.1354,1.2415,0.00082326,0.80469,-0.42135,0.41826
4.2725e+05,-11.897,-9.6507,14.146,153.37,46.688,126.74,-0.82796,-1.1562,1.1851,-0.020489,0.79487,-0.42919,0.42843
4.2727e+05,-16.081,-2.5484,13.151,-15.08,43.874,107.3,-0.69892,-1.1773,1.1568,-0.024267,0.78582,-0.4455,0.42828
4.2729e+05,-17.441,-19.281,8.2111,-83.638,31.978,74.174,-0.58602,-1.1027,1.1744,-0.016482,0.78092,-0.46063,0.42156
4.273e+05,-16.78,-13.6,6.66,157.94,12.695,51.196,-0.51613,-1.151,1.1964,-0.035628,0.77711,-0.45973,0.42835
4.2732e+05,-18.227,-5.4826,5.6424,-7.5962,10.645,39.717,-0.43011,-1.0919,1.1689,-0.03874,0.7738,-0.46801,0.42508
4.2733e+05,-19.673,-6.9498,4.5771,37.776,4.0826,21.599,-0.43011,-1.0652,1.1691,-0.045913,0.77185,-0.47166,0.42388
4.2735e+05,-22.373,-0.90452,2.2251,92.301,-9.7032,33.615,-0.3172,-1.0168,1.1471,-0.062527,0.76863,-0.47383,0.42519
4.2736e+05,-17.971,6.2141,0.85834,62.613,-7.3899,36.149,-0.31183,-0.97399,1.1419,-0.076787,0.76401,-0.47801,0.4265
4.2738e+05,-14.796,7.3033,-0.0026367,74.087,-12.52,32.827,-0.25269,-1.0274,1.1358,-0.092228,0.75917,-0.48099,0.42872
4.2739e+05,-11.58,9.4618,-0.44287,72.901,-15.125,42.967,-0.22043,-1.0111,1.1135,-0.10808,0.75316,-0.4848,0.43131
4.2741e+05,-9.1614,10.355,-0.72301,56.499,-17.695,68.029,-0.17204,-0.90926,1.0864,-0.12355,0.74552,-0.49161,0.43272
4.2743e+05,-7.3797,11.365,0.051898,20.999,-8.0544,113.62,-0.11828,-0.8984,1.0697,-0.13703,0.73463,-0.50481,0.43209
4.2744e+05,-7.7557,10.9,-0.19747,8.4792,-3.0973,154.39,-0.096774,-0.87183,1.0868,-0.15101,0.72074,-0.52221,0.43015
4.2746e+05,-7.4327,10.246,-0.35741,3.3412,1.3917,185.07,-0.037634,-0.8183,1.0817,-0.16564,0.70448,-0.54167,0.42762
4.2747e+05,-6.9003,10.228,-1.6655,0.96597,4.3809,203.78,0.0053763,-0.78093,1.0877,-0.18074,0.68647,-0.56114,0.4257
4.2749e+05,-7.3222,8.134,-1.2087,-33.748,8.2227,225.97,0.086022,-0.77029,1.0934,-0.1922,0.66893,-0.58235,0.42007
4.275e+05,-8.4755,3.5092,-2.0738,-59.245,8.5022,255.04,0.21505,-0.67934,1.0887,-0.20099,0.65267,-0.60449,0.41014
4.2752e+05,-9.9363,-0.94398,-0.90398,-29.438,8.0126,268.45,0.23118,-0.64748,1.1115,-0.21067,0.63488,-0.62665,0.39982
4.2754e+05,-12.088,-1.1406,-0.46963,53.249,4.8592,261.98,0.31183,-0.62052,1.0893,-0.22752,0.61561,-0.64268,0.39526
4.2755e+05,-12.667,-3.1323,1.7818,92.838,10.788,251.77,0.33333,-0.55613,1.0675,-0.24516,0.5951,-0.65641,0.39354
4.2757e+05,-17.134,-2.1699,7.1684,86.72,21.196,209.97,0.41398,-0.45971,1.0516,-0.25997,0.57694,-0.66829,0.39107
4.2758e+05,-18.679,-2.1319,5.4907,40.496,-5.6718,149.25,0.39785,-0.48048,0.98958,-0.26999,0.56715,-0.67661,0.38425
4.276e+05,-12.02,-5.0083,7.1068,7.321,-13.93,102.74,0.48925,-0.42178,1.0014,-0.27348,0.56378,-0.6822,0.37678
4.2761e+05,-9.4941,-9.6737,6.6517,30.431,-1.6692,45.891,0.46237,-0.41075,0.9678,-0.27371,0.56396,-0.68293,0.37502
4.2763e+05,-8.0318,-12.439,6.6025,20.845,-21.049,-30.646,0.43548,-0.36786,0.957,-0.27075,0.57242,-0.67771,0.37382
4.2764e+05,-4.8633,-14.773,5.3699,23.872,-32.263,-106.68,0.37634,-0.5066,0.92752,-0.26461,0.58805,-0.6656,0.37571
4.2766e+05,-2.5485,-13.928,3.6666,70.34,-38.131,-184.34,0.37634,-0.49056,0.92768,-0.25858,0.60896,-0.64374,0.38457
4.2768e+05,-1.2748,-10.736,2.8437,77.283,-39.188,-248.97,0.30645,-0.58664,0.90986,-0.24946,0.63446,-0.6149,0.39639
4.2769e+05,-0.11127,-7.1851,1.3246,73.467,-30.542,-305.69,0.16667,-0.72504,0.84668,-0.2355,0.66254,-0.58045,0.41069
4.2771e+05,-0.17287,-2.7741,-0.8126,48.273,-5.5995,-348.87,0.10215,-0.75172,0.8408,-0.21457,0.69098,-0.54282,0.42644
4.2772e+05,-1.4557,-1.1965,-1.3157,-49.607,16.141,-377.66,-0.053763,-0.90645,0.80554,-0.18135,0.71914,-0.50956,0.43623
4.2774e+05,-3.0659,-4.1583,-0.65056,-131.98,18.065,-405.37,-0.16667,-0.91169,0.79425,-0.13894,0.748,-0.47874,0.43818
4.2775e+05,-4.5992,-6.0386,-1.9618,-134.7,4.3219,-427.52,-0.36559,-1.0511,0.83219,-0.096457,0.77557,-0.44516,0.43706
4.2777e+05,-7.13,-5.2616,-2.9191,-117.05,-27.022,-439.19,-0.53763,-1.0889,0.87113,-0.05868,0.80189,-0.40851,0.43203
4.2779e+05,-6.8922,-5.8734,-0.043318,-120.27,-48.967,-446.41,-0.72043,-1.1587,0.89853,-0.021589,0.82732,-0.36993,0.42217
4.278e+05,-9.6054,-8.8494,2.1648,-129.63,-62.063,-417.73,-0.94086,-1.0951,0.94972,0.013887,0.85008,-0.33341,0.40744
4.2782e+05,-11.032,-11.188,6.573,-126.68,-65.812,-355.59,-1.1344,-1.1649,0.97712,0.045016,0.86862,-0.30238,0.38993
4.2783e+05,-11.03,-13.645,5.9099,-91.596,-61.289,-264.34,-1.2849,-1.1223,1,0.066776,0.88191,-0.27893,0.37412
4.2785e+05,-6.8729,-12.966,4.3438,-14.188,-29.769,-159.57,-1.3656,-1.1012,1.0339,0.074064,0.88872,-0.26352,0.36776
4.2786e+05,-1.2252,-18.298,4.1421,64.439,14.769,-47.419,-1.4462,-1.0641,1.0624,0.071154,0.8894,-0.2554,0.3724
4.2788e+05,0.37801,-15.168,4.9485,125.85,47.475,42.92,-1.5108,-1.032,1.0571,0.056084,0.88524,-0.25521,0.38479
4.2789e+05,-1.1335,-9.8482,0.75765,68.703,70.317,123.27,-1.4624,-1.037,1.0233,0.04172,0.87525,-0.26878,0.39993
4.2791e+05,-11.786,-3.8647,-0.92759,23.948,168.31,286.89,-1.4194,-1.1601,1.039,0.02363,0.85364,-0.30503,0.42153
4.2793e+05,-24.628,12.095,1.2602,-161.24,-18.46,297.2,-1.3387,-1.1439,1.0167,0.01887,0.83994,-0.35297,0.41177
4.2794e+05,-3.3856,-20.528,-0.57649,-205.22,132.98,211.05,-1.172,-1.1878,1.1286,0.041236,0.82088,-0.38842,0.41663
4.2796e+05,-7.003,-24.942,-1.8375,52.662,61.769,240.06,-1.0376,-1.1619,1.2187,0.029369,0.80531,-0.412,0.42528
4.2797e+05,-12.132,-13.364,9.6727,209.1,31.389,197.45,-0.93548,-1.1775,1.1736,-0.0030819,0.79329,-0.4237,0.43723
4.2799e+05,-8.2016,-8.4694,11.906,7.5476,44.337,154.09,-0.83333,-1.257,1.0998,-0.010208,0.78167,-0.44273,0.43917
4.28e+05,-8.8499,-16.62,11.649,-79.627,62.223,110.21,-0.75269,-1.2036,1.1059,-0.0027221,0.77215,-0.46125,0.43706
4.2802e+05,-14.859,-21.091,10.098,106.03,35.452,63.471,-0.64516,-1.1666,1.1569,-0.013769,0.76742,-0.46362,0.44265
4.2804e+05,-21.073,-7.504,9.8106,22.997,18.691,58.422,-0.62903,-1.1396,1.1234,-0.020306,0.76284,-0.47197,0.44148
4.2805e+05,-17.666,-10.236,4.6728,12.325,3.9957,33.064,-0.53763,-1.0863,1.1408,-0.024532,0.76074,-0.47783,0.43858
4.2807e+05,-20.493,-10.562,4.0148,10.984,1.5409,22.501,-0.47849,-1.0219,1.1246,-0.028585,0.75952,-0.48278,0.43501
4.2808e+05,-22.502,-0.86124,2.6459,102.5,-17.694,30.069,-0.44086,-1.0276,1.1526,-0.046424,0.7572,-0.48375,0.43643
4.281e+05,-18.346,3.8868,1.506,39.764,-17.685,28.307,-0.37634,-1.038,1.1301,-0.058064,0.75437,-0.48829,0.43489
4.2811e+05,-14.626,3.8678,1.037,89.448,-15.838,15.016,-0.34409,-1.0111,1.1135,-0.073372,0.75154,-0.48827,0.43748
4.2813e+05,-11.87,6.6331,0.42956,124.65,-19.988,16.643,-0.3172,-0.96267,1.0803,-0.092553,0.74773,-0.48611,0.44276
4.2814e+05,-9.9614,9.9459,0.32515,91.921,-25.523,33.905,-0.24194,-0.98918,1.0575,-0.10986,0.74284,-0.48751,0.44549
4.2816e+05,-7.2885,10.922,0.53031,53.254,-18.009,69.887,-0.2043,-0.90887,1.0471,-0.12431,0.73542,-0.49452,0.44627
4.2818e+05,-6.6656,11.692,-0.27504,39.354,-11.771,117.64,-0.16129,-0.94072,1.0243,-0.13974,0.72413,-0.50696,0.44621
4.2819e+05,-5.1395,12.214,-0.9413,3.6022,-4.9654,158.41,-0.1828,-0.89817,1.0472,-0.15283,0.70987,-0.5248,0.4442
4.2821e+05,-5.1645,10.608,-1.295,-1.4294,-1.5549,188.43,-0.05914,-0.83924,1.0366,-0.16687,0.69353,-0.5443,0.44147
4.2822e+05,-6.725,9.6021,-1.0797,-38.162,1.1918,215.87,-0.021505,-0.80738,1.0593,-0.17845,0.6763,-0.56723,0.43477
4.2824e+05,-7.3579,4.9899,-1.4695,-83.085,9.5366,247.41,0.048387,-0.81239,1.0256,-0.18466,0.65883,-0.59352,0.42376
4.2825e+05,-8.617,0.67807,-0.81433,-53.786,7.0884,265.16,0.13441,-0.68423,1.0437,-0.193,0.6412,-0.61761,0.41251
4.2827e+05,-9.8662,-0.00047595,-0.062522,-0.1416,13.174,265.3,0.24194,-0.64725,1.089,-0.20522,0.62255,-0.6373,0.40516
4.2829e+05,-11.17,-2.4051,0.069068,74.9,-1.2652,253.49,0.26882,-0.58275,1.056,-0.22329,0.60344,-0.65128,0.4023
4.283e+05,-14.318,-1.4085,4.5777,95.833,35.882,239.39,0.33871,-0.52934,1.0621,-0.2394,0.58213,-0.66476,0.40238
4.2832e+05,-21.755,-0.19134,4.6962,44.612,16.355,176.62,0.36022,-0.46957,0.96721,-0.25182,0.56785,-0.67609,0.39628
4.2833e+05,-15.808,-1.8253,6.9682,-29.028,-34.653,111.77,0.41398,-0.42144,0.9677,-0.25668,0.56574,-0.68381,0.3827
4.2835e+05,-8.9206,-8.2914,6.8038,-2.7383,10.546,57.986,0.41398,-0.42155,0.97893,-0.25402,0.56539,-0.68742,0.37851
4.2836e+05,-11.439,-11.97,7.4768,52.275,-14.39,-13.292,0.45699,-0.4533,0.94491,-0.25439,0.57087,-0.68235,0.3792
4.2838e+05,-7.648,-12.865,5.6985,37.149,-36.447,-81.854,0.39247,-0.46399,0.9448,-0.25137,0.58429,-0.67149,0.38015
4.2839e+05,-4.8853,-12.425,4.6944,56.755,-36.723,-153.57,0.34409,-0.51167,0.89938,-0.24581,0.60327,-0.65316,0.38604
4.2841e+05,-3.8832,-10.385,4.1706,43.694,-34.513,-222.1,0.22581,-0.63426,0.85883,-0.23488,0.62777,-0.62922,0.39346
4.2843e+05,-2.8652,-7.541,2.4502,31.322,-34.538,-285.09,0.19892,-0.68249,0.86958,-0.21924,0.65684,-0.59914,0.4019
4.2844e+05,-2.6947,-4.2906,-0.46744,2.1301,-13.813,-331.76,0.080645,-0.79962,0.81785,-0.19631,0.68683,-0.56596,0.41161
4.2846e+05,-3.4419,-4.047,-1.1833,-82.308,8.2692,-367.47,0.0053763,-0.87459,0.82833,-0.16188,0.71733,-0.53457,0.41649
4.2847e+05,-4.3127,-6.6559,-0.91691,-128.69,3.4314,-398.64,-0.16667,-0.95497,0.84438,-0.12206,0.74772,-0.50309,0.41584
4.2849e+05,-6.2347,-8.6703,-1.4021,-120.01,-5.8296,-422.5,-0.33333,-1.0783,0.87686,-0.083215,0.7767,-0.46818,0.41306
4.285e+05,-6.3657,-9.97,-0.82601,-56.37,-48.345,-437.83,-0.52688,-1.0837,0.88804,-0.053129,0.80532,-0.42654,0.40829
4.2852e+05,-2.9168,-6.0177,-1.1496,-16.834,-37.334,-438.7,-0.76344,-1.1269,0.92693,-0.02742,0.82899,-0.38193,0.40762
4.2854e+05,-5.9855,-5.2987,0.71848,-78.667,-35.815,-418.78,-0.87634,-1.1325,0.94935,0.0024666,0.84953,-0.34274,0.40102
4.2855e+05,-12.443,-11.712,5.1078,-117.95,-49.839,-363.8,-1.1183,-1.1114,0.97765,0.033556,0.86808,-0.31009,0.38621
4.2857e+05,-10.658,-14.206,3.8357,-54.057,-62.502,-284.31,-1.1882,-1.1114,0.97765,0.052297,0.88251,-0.28223,0.37254
4.2858e+05,-7.0648,-10.167,4.7072,-14.214,-45.485,-188.44,-1.371,-1.0745,1.0286,0.059559,0.89087,-0.26395,0.36488
4.286e+05,-2.828,-13.717,4.2803,13.338,-4.7648,-79.674,-1.4785,-1.021,1.0347,0.061549,0.89271,-0.25577,0.36586
4.2861e+05,1.0433,-17.305,3.4759,32.084,31.057,25.064,-1.4516,-1.0688,1.0005,0.060125,0.88894,-0.25779,0.37378
4.2863e+05,-2.1177,-17.737,0.89783,148.84,40.669,81.879,-1.4839,-1.0849,1.0004,0.041843,0.88369,-0.26071,0.3865
4.2864e+05,-2.7993,-10.477,16.891,60.739,106.21,195.68,-1.5054,-1.0794,0.98921,0.028086,0.87146,-0.28231,0.4001
4.2866e+05,-24.183,15.278,-12.944,202.49,180.89,368.45,-1.371,-1.1057,0.944,-0.013761,0.84497,-0.3165,0.43089
4.2868e+05,-14.586,10.441,8.3923,-374.05,-35.567,207.34,-1.2581,-1.1435,0.98295,0.010647,0.83609,-0.36699,0.40762
4.2869e+05,-6.3278,-24.862,-6.7215,-391.32,125.05,232.63,-1.1183,-1.1988,1.1678,0.054373,0.81521,-0.41379,0.40157
4.2871e+05,-0.72324,-24.993,8.2971,393.23,82.748,174.56,-1,-1.1942,1.2352,0.01008,0.80316,-0.41095,0.43122
4.2872e+05,-15.564,-4.3339,6.8492,93.869,69.655,181.32,-0.91935,-1.2362,1.1618,-0.0092782,0.78833,-0.429,0.44093
4.2874e+05,-10.698,-9.3297,8.86,98.531,44.006,125.53,-0.84409,-1.2138,1.0553,-0.024569,0.77817,-0.4396,0.44788
4.2875e+05,-12.718,-12.448,12.604,-91.606,54.484,101.87,-0.75269,-1.1656,1.0558,-0.016991,0.76964,-0.45878,0.44373
4.2877e+05,-19.744,-14.886,7.9188,125.84,11.002,62.111,-0.63441,-1.2248,1.0889,-0.033311,0.76563,-0.46076,0.44766
4.2879e+05,-17.847,-6.9404,5.463,14.808,5.8242,61.85,-0.53763,-1.1713,1.0894,-0.039825,0.76125,-0.46998,0.44501
4.288e+05,-18.913,-6.0961,2.8945,17.629,-5.5909,48.497,-0.48387,-1.1285,1.0898,-0.047139,0.75802,-0.47771,0.44156
4.2882e+05,-21.495,-2.8763,1.5033,70.162,-12.658,48.424,-0.48387,-1.1124,1.0844,-0.061469,0.75421,-0.48261,0.44101
4.2883e+05,-18.863,2.8769,0.76785,64.336,-19.617,52.065,-0.41935,-1.0643,1.0792,-0.076633,0.74956,-0.4882,0.4404
4.2885e+05,-14.036,4.584,0.7368,81.631,-16.493,42.029,-0.33333,-0.99453,1.0575,-0.092315,0.7447,-0.49135,0.44213
4.2886e+05,-12.424,6.9709,1.4635,74.223,-18.882,42.988,-0.33333,-0.99943,1.0125,-0.10706,0.73955,-0.49497,0.44341
4.2888e+05,-10.187,7.6412,1.2998,74.605,-19.758,51.589,-0.23656,-0.9889,1.0294,-0.12215,0.73366,-0.49902,0.44474
4.2889e+05,-7.9952,9.397,1.0863,38.055,-15.54,81.964,-0.22581,-0.96712,0.99033,-0.13465,0.72558,-0.50811,0.44409
4.2891e+05,-6.7938,8.5493,0.47539,39.535,-3.9287,121.26,-0.17204,-0.92986,1.0076,-0.14825,0.71403,-0.52045,0.4442
4.2893e+05,-7.6221,10.516,0.54701,47.91,-1.6868,163.12,-0.11828,-0.85996,0.96893,-0.16542,0.69886,-0.53579,0.44402
4.2894e+05,-7.2656,12.46,0.42543,30.555,-9.5305,193.98,-0.10753,-0.8438,0.95785,-0.18301,0.68179,-0.55401,0.4413
4.2896e+05,-7.2855,11.45,0.11394,-25.134,-6.0599,223.05,0.0053763,-0.83862,0.97476,-0.19642,0.66425,-0.57621,0.43379
4.2897e+05,-8.0422,6.5656,0.033426,-87.11,0.63254,255.37,0.10753,-0.77992,0.98658,-0.20315,0.6479,-0.60219,0.41991
4.2899e+05,-8.4919,1.2394,-0.72313,-64.138,1.1903,267.97,0.13978,-0.7054,1.021,-0.21011,0.63092,-0.62626,0.40693
4.29e+05,-10.288,-0.71563,0.2996,-7.5953,-1.4111,264.6,0.2043,-0.61968,1.005,-0.22153,0.61304,-0.64605,0.39715
4.2902e+05,-12.185,-3.0968,-0.068476,77.943,4.4612,258.41,0.27957,-0.64669,1.0329,-0.23853,0.59272,-0.66038,0.39457
4.2904e+05,-17.208,-2.1839,4.8422,74.155,-3.7414,225.82,0.34409,-0.52844,0.97224,-0.25539,0.57494,-0.67297,0.38901
4.2905e+05,-18.042,-1.6301,5.9479,14.079,-17.594,166.86,0.3871,-0.54437,0.96085,-0.26502,0.56522,-0.68332,0.37864
4.2907e+05,-13.417,-4.7284,4.5414,-12.117,-33.606,111.64,0.41398,-0.51217,0.94993,-0.2692,0.56268,-0.68955,0.36802
4.2908e+05,-9.7221,-10.068,4.3925,29.991,-18.019,57.251,0.3871,-0.45341,0.95614,-0.27114,0.56251,-0.69046,0.36515
4.291e+05,-8.4318,-12.99,5.1954,48.374,-35.685,-12.021,0.3871,-0.47463,0.93907,-0.27237,0.56887,-0.68472,0.36519
4.2911e+05,-5.3936,-13.676,3.6286,33.336,-37.243,-84.85,0.3871,-0.51707,0.90494,-0.26868,0.5825,-0.67351,0.36727
4.2913e+05,-2.9711,-13.62,2.9546,35.613,-43.093,-160.29,0.36022,-0.54375,0.89906,-0.26171,0.60285,-0.65538,0.37224
4.2914e+05,-1.1013,-11.517,1.7895,40.134,-31.291,-230.33,0.30645,-0.64518,0.88119,-0.25017,0.62786,-0.63062,0.38149
4.2916e+05,-1.0817,-8.6261,1.7704,17.16,-25.298,-290.34,0.2043,-0.74654,0.8577,-0.23241,0.65711,-0.60107,0.39103
4.2918e+05,-1.0738,-5.4783,-0.80046,13.858,-11.031,-338.57,0.14516,-0.79985,0.84032,-0.2102,0.68748,-0.56623,0.40321
4.2919e+05,-1.5367,-2.7707,-1.2961,-35.822,9.0187,-366.93,-0.080645,-0.88,0.8339,-0.18016,0.71627,-0.53242,0.41354
4.2921e+05,-2.9226,-4.1331,-1.8055,-100.44,21.404,-393.18,-0.13441,-1.0081,0.81014,-0.14189,0.74449,-0.50017,0.41885
4.2922e+05,-5.2315,-7.39,-1.5961,-123.05,11.69,-417.48,-0.3172,-1.0891,0.88799,-0.10132,0.77236,-0.4664,0.41912
4.2924e+05,-7.4816,-7.8032,-0.33357,-95.894,-32.382,-432.87,-0.57527,-1.1534,0.9042,-0.066556,0.80028,-0.42839,0.41426
4.2925e+05,-6.1365,-7.0073,0.68784,-64.747,-47.997,-437.79,-0.6828,-1.1588,0.90414,-0.036266,0.82596,-0.38696,0.40834
4.2927e+05,-6.0498,-6.766,2.2574,-102.32,-59.446,-415.14,-0.93011,-1.1861,0.96005,-0.0041782,0.84857,-0.34908,0.39756
4.2929e+05,-7.0563,-8.3297,3.9666,-136.67,-58.028,-367.93,-1.0269,-1.17,0.96021,0.028649,0.86688,-0.31745,0.38329
4.293e+05,-11.607,-14.195,7.9227,-150.98,-41.33,-294.26,-1.2419,-1.0963,1.0733,0.060171,0.88069,-0.293,0.36731
4.2932e+05,-9.7845,-12.337,4.4294,-37.164,-51.569,-195.99,-1.328,-1.1176,1.0675,0.070466,0.8902,-0.2748,0.35647
4.2933e+05,-3.9131,-14.157,6.9518,-12.481,-9.3885,-101.17,-1.457,-1.0432,1.1075,0.076022,0.89347,-0.26529,0.35432
4.2935e+05,1.3231,-20.248,4.2083,75.66,24.498,-7.8649,-1.4946,-1.0327,1.1301,0.071226,0.89199,-0.26076,0.36233
4.2936e+05,0.0067904,-15.998,3.4425,195.17,49.71,65.846,-1.5,-1.0965,1.0902,0.04734,0.8871,-0.25993,0.37848
4.2938e+05,-3.8527,-7.0177,0.36117,147.47,67.384,144.73,-1.4785,-1.0903,1.006,0.020634,0.87655,-0.273,0.39585
4.2939e+05,-17.079,14.05,5.9818,166.94,151.09,273.06,-1.3978,-1.1168,0.98883,-0.014531,0.8565,-0.30005,0.41972
4.2941e+05,-24.936,24.359,11.139,-336.78,-98.704,267.19,-1.2742,-1.165,0.98835,8.5402e-05,0.8493,-0.35441,0.39126
4.2943e+05,-1.4911,-24.73,-0.43089,-407.89,136.73,199.68,-1.1344,-1.2207,1.2125,0.049185,0.83047,-0.39805,0.38659
4.2944e+05,-5.6475,-24.98,3.2961,125.03,36.345,206.88,-1.086,-1.1894,1.2915,0.030295,0.81835,-0.41487,0.39656
4.2946e+05,-12.07,-12.297,7.8527,272.51,47.705,183.86,-0.93548,-1.2255,1.1619,-0.0074677,0.80577,-0.4229,0.41453
4.2947e+05,-9.9509,-9.6711,10.816,48.502,57.643,131.48,-0.88172,-1.1985,1.1285,-0.016445,0.79473,-0.43742,0.42047
4.2949e+05,-11.434,-11.746,10.696,-44.154,43.291,97.332,-0.75269,-1.1879,1.1398,-0.014001,0.78677,-0.45318,0.41883
4.295e+05,-18.69,-16.699,7.2847,74.56,17.014,56.798,-0.6828,-1.1718,1.14,-0.023719,0.78301,-0.45777,0.42046
4.2952e+05,-19.044,-8.4129,6.3881,47.433,-0.83209,48.512,-0.60215,-1.1504,1.1346,-0.033162,0.77981,-0.46376,0.41919
4.2954e+05,-16.99,-6.1833,3.7803,2.2855,-10.513,29.888,-0.53226,-1.1182,1.1236,-0.037784,0.77792,-0.47041,0.41489
4.2955e+05,-20.028,-6.8158,0.57494,38.169,-14.305,24.475,-0.47312,-1.0757,1.1522,-0.046999,0.77625,-0.47458,0.41231
4.2957e+05,-20.206,1.0037,1.3742,80.328,-17.437,30.73,-0.44624,-1.054,1.1187,-0.062791,0.77296,-0.47745,0.41308
4.2958e+05,-17.09,5.0467,0.19282,68.385,-16.589,29.903,-0.42473,-1.0378,1.1076,-0.077505,0.76878,-0.48085,0.41443
4.296e+05,-13.717,6.57,0.012872,82.836,-15.169,27.486,-0.33871,-1.0323,1.0908,-0.093254,0.76398,-0.48295,0.41762
4.2961e+05,-11.679,9.5391,0.26776,93.951,-17.692,34.934,-0.28495,-0.95744,1.0915,-0.11071,0.7582,-0.48481,0.42169
4.2963e+05,-8.006,11.089,0.17541,71.968,-17.901,57.755,-0.30108,-0.98918,1.0575,-0.12624,0.7506,-0.49008,0.42483
4.2964e+05,-5.1891,11.815,-0.066275,63.721,-1.9767,106.33,-0.21505,-0.95682,1.0298,-0.14209,0.73857,-0.5004,0.42886
4.2966e+05,-6.4758,12.238,0.2022,34.207,8.8741,163.31,-0.16667,-0.93003,1.0244,-0.1575,0.72248,-0.5179,0.43011
4.2968e+05,-7.0767,12.386,0.6555,18.667,10.367,207.52,-0.1129,-0.89789,1.0191,-0.17353,0.70338,-0.53967,0.42884
4.2969e+05,-7.4503,11.506,-0.70643,-8.6992,11.111,236.01,-0.080645,-0.90864,1.0246,-0.18802,0.68228,-0.56424,0.42518
4.2971e+05,-8.8318,7.5655,-0.7476,-61.37,14.916,267.69,0.048387,-0.81763,1.0143,-0.19796,0.66153,-0.59197,0.41564
4.2972e+05,-10.071,2.6019,-0.74939,-47.184,9.3564,283.87,0.13978,-0.73776,1.0488,-0.20812,0.6417,-0.61753,0.40443
4.2974e+05,-12.176,0.094747,0.30088,-11.575,6.9538,290.47,0.16667,-0.74817,1.0206,-0.22058,0.62057,-0.64107,0.39404
4.2975e+05,-12.82,-1.6058,1.422,41.191,-0.41995,272.49,0.28495,-0.59294,1.0053,-0.23638,0.60043,-0.65875,0.38685
4.2977e+05,-15.501,-3.1067,4.9224,84.006,9.5244,245.37,0.32796,-0.56086,1.0056,-0.25289,0.57995,-0.67292,0.38326
4.2979e+05,-19.63,-1.4731,5.7287,22.889,9.7847,191.16,0.37634,-0.50159,0.96128,-0.26263,0.56589,-0.68591,0.3746
4.298e+05,-14.82,-3.176,6.4345,-20.552,-26.824,124.26,0.43011,-0.46951,0.9616,-0.26675,0.56199,-0.69391,0.36263
4.2982e+05,-9.5688,-9.3203,5.3894,13.634,-11.872,64.83,0.41398,-0.41064,0.95657,-0.26732,0.56142,-0.69638,0.35833
4.2983e+05,-9.1851,-13.301,7.4739,17.725,-29.212,-8.331,0.44624,-0.48561,0.96705,-0.266,0.56821,-0.69289,0.35537
4.2985e+05,-5.9928,-14.336,4.3991,48.315,-47.71,-84.928,0.37097,-0.50666,0.93314,-0.26453,0.58181,-0.68082,0.35777
4.2986e+05,-2.5538,-12.791,3.3646,59.92,-55.246,-160.84,0.37097,-0.54932,0.92147,-0.26085,0.60201,-0.66098,0.3642
4.2988e+05,-0.80639,-10.91,2.4009,58.567,-51.867,-225.27,0.28495,-0.64011,0.90933,-0.25315,0.62703,-0.63508,0.3734
4.2989e+05,-0.10873,-8.0478,2.2317,37.897,-43.21,-279.5,0.22581,-0.73624,0.89713,-0.23967,0.65574,-0.60472,0.38325
4.2991e+05,-0.30663,-4.541,0.13225,14.091,-28.746,-330.52,0.064516,-0.82152,0.86819,-0.21959,0.68616,-0.57053,0.39429
4.2993e+05,-0.84817,-3.6942,0.27988,-54.585,-10.604,-370.77,0.016129,-0.89097,0.86188,-0.18912,0.71796,-0.53619,0.40158
4.2994e+05,-0.97696,-6.2555,-1.0362,-91.516,-1.4329,-401.72,-0.19892,-0.97151,0.89478,-0.15253,0.74863,-0.50121,0.4063
4.2996e+05,-1.5424,-7.4557,0.12689,-98.979,-12.663,-419,-0.28495,-1.0142,0.88873,-0.11532,0.77799,-0.46426,0.40729
4.2997e+05,-1.6801,-4.4696,-4.7241,-23.676,-12.046,-420.77,-0.5,-1.1538,0.94352,-0.087342,0.80139,-0.42272,0.41407
4.2999e+05,-3.4024,-4.6144,1.9439,-143.73,-26.334,-436.56,-0.72581,-1.1433,0.96048,-0.046645,0.82626,-0.38564,0.40793
4.3e+05,-7.8006,-10.867,2.0904,-99.454,-32.998,-412.21,-0.84946,-1.1597,0.99402,-0.012579,0.84818,-0.34729,0.39979
4.3002e+05,-9.4235,-10.458,4.7168,-132.14,-33.665,-358.36,-1.0645,-1.1279,1.028,0.021044,0.8656,-0.31599,0.38787
4.3004e+05,-13.154,-12.485,7.334,-76.223,-41.35,-279.38,-1.172,-1.0962,1.0677,0.042537,0.87937,-0.28997,0.37526
4.3005e+05,-9.6465,-10.415,5.0042,5.881,-39.463,-174.92,-1.3333,-1.102,1.1126,0.047231,0.88779,-0.27219,0.36812
4.3007e+05,-2.9946,-10.513,5.5878,13.888,9.6812,-69.298,-1.4032,-1.0057,1.1079,0.04823,0.88866,-0.26568,0.37064
4.3008e+05,1.482,-16.029,3.1919,22.469,46.156,32.565,-1.3978,-0.98434,1.1081,0.047935,0.8837,-0.26904,0.37999
4.301e+05,-1.6814,-15.544,0.27353,163.56,61.105,84.693,-1.4355,-1.027,1.0909,0.027899,0.87667,-0.27162,0.39611
4.3011e+05,-3.1327,-5.895,13.199,85.804,123.52,184.29,-1.3925,-1.075,1.0848,0.011149,0.86292,-0.29126,0.41281
4.3013e+05,-24.316,18.898,-15.319,82.12,175.33,388.97,-1.2688,-1.1229,1.0618,-0.017876,0.83449,-0.33443,0.43756
4.3014e+05,-6.0937,-2.0567,9.3281,-390.8,51.444,216.01,-1.1452,-1.2243,1.0439,0.01508,0.82039,-0.38544,0.42209
4.3016e+05,-8.2455,-24.907,-5.3918,-296.7,107.59,243.61,-1.0484,-1.1463,1.2638,0.044698,0.80028,-0.42881,0.41675
4.3018e+05,-3.4777,-25.006,8.0766,406.38,91.61,164.61,-0.85484,-1.1307,1.3033,3.4804e-05,0.78781,-0.42309,0.44761
4.3019e+05,-14.441,-2.7768,10.804,121.63,75.068,162.08,-0.82258,-1.1938,1.1959,-0.020423,0.77348,-0.43662,0.45899
4.3021e+05,-12.484,-7.5407,11.101,40.675,39.401,112.14,-0.69355,-1.156,1.1626,-0.029694,0.76458,-0.44902,0.46144
4.3022e+05,-13.489,-15.876,13.116,-68.887,31.381,80.253,-0.69892,-1.1666,1.1569,-0.024385,0.75913,-0.46416,0.45571
4.3024e+05,-20.187,-14.607,10.05,98.139,3.4607,53.324,-0.58602,-1.1614,1.1682,-0.037722,0.75632,-0.46655,0.45705
4.3025e+05,-19.68,-5.8381,6.8171,29.012,-5.4387,46.612,-0.48387,-1.1505,1.1458,-0.045869,0.75364,-0.4732,0.45387
4.3027e+05,-19.845,-4.6736,2.3934,16.763,-12.137,36.969,-0.43011,-1.0971,1.152,-0.053353,0.75152,-0.47972,0.4497
4.3029e+05,-21.635,-0.85897,0.84735,60.187,-15.246,44.377,-0.3871,-1.0702,1.1354,-0.067164,0.74804,-0.48463,0.44839
4.303e+05,-17.109,5.1657,0.47093,62.795,-10.581,42.025,-0.36022,-1.0916,1.1352,-0.081231,0.74329,-0.48916,0.44904
4.3032e+05,-14.529,6.2037,0.47096,74.403,-8.7384,33.098,-0.30645,-1.0752,1.1072,-0.095468,0.73854,-0.49191,0.45107
4.3033e+05,-11.221,6.9942,0.33122,102.07,-12.152,36.361,-0.2957,-1.0217,1.0965,-0.1122,0.73305,-0.4929,0.45508
4.3035e+05,-9.6328,9.4545,1.0103,81.683,-13.201,55.64,-0.2043,-0.96813,1.0914,-0.12811,0.72642,-0.49672,0.45735
4.3036e+05,-7.445,10.773,0.59955,59.681,-6.7045,93.804,-0.18817,-1.0159,1.0516,-0.14319,0.71666,-0.5056,0.45855
4.3038e+05,-6.2667,9.7787,0.011024,50.659,2.9375,134.41,-0.1828,-0.98367,1.0407,-0.15818,0.70361,-0.51851,0.45941
4.3039e+05,-6.7963,11.067,-0.053682,61.919,7.5712,171.99,-0.096774,-0.89812,1.0416,-0.1765,0.68727,-0.53348,0.46033
4.3041e+05,-7.2493,12.064,-0.19282,33.481,4.3453,202.47,-0.032258,-0.85523,1.0308,-0.19413,0.66955,-0.55182,0.45773
4.3043e+05,-7.2762,8.5625,-0.10762,-26.148,10.911,230.78,0.016129,-0.87628,0.99686,-0.20518,0.65203,-0.57492,0.44969
4.3044e+05,-8.454,3.5695,-0.77174,-53.999,6.7684,255.47,0.14516,-0.76427,1.0261,-0.21385,0.63577,-0.59903,0.43729
4.3046e+05,-9.1896,-0.20107,-0.057762,-22.545,2.8301,267.5,0.1828,-0.7054,1.021,-0.22464,0.61827,-0.62119,0.42592
4.3047e+05,-10.581,-1.2535,0.13467,53.424,-8.4847,260.28,0.26344,-0.62514,1.0162,-0.24196,0.59992,-0.63687,0.41945
4.3049e+05,-11.503,-1.7994,1.361,89.403,7.9911,261.56,0.32258,-0.65694,0.98781,-0.26003,0.57903,-0.65074,0.41672
4.305e+05,-16.247,-0.27589,5.2444,68.534,3.7719,225.81,0.3871,-0.56024,0.94384,-0.27569,0.56155,-0.66327,0.41077
4.3052e+05,-17.959,-1.2561,6.4343,-14.847,-10.544,163.51,0.41935,-0.52799,0.9273,-0.28233,0.55314,-0.67525,0.39793
4.3054e+05,-11.991,-6.8506,4.7754,-47.698,-20.38,105.73,0.44086,-0.47975,0.91655,-0.28213,0.55198,-0.68373,0.38502
4.3055e+05,-9.5003,-12.845,6.7404,25.847,-3.4946,51.072,0.48387,-0.43698,0.91698,-0.28234,0.55183,-0.6853,0.38228
4.3057e+05,-8.3936,-14.331,5.1583,72.545,-25.429,-20.983,0.48925,-0.45291,0.90558,-0.28411,0.55769,-0.67801,0.38544
4.3058e+05,-4.8961,-12.921,4.2797,53.344,-41.922,-96.205,0.45161,-0.44187,0.87199,-0.28178,0.57202,-0.66472,0.38929
4.306e+05,-1.6486,-13.106,2.8404,50.42,-34.136,-170.99,0.37634,-0.51189,0.92185,-0.27412,0.59229,-0.64537,0.39693
4.3061e+05,-0.57551,-10.895,2.2949,56.757,-25.857,-241.37,0.35484,-0.64506,0.86995,-0.26214,0.6173,-0.61918,0.40845
4.3063e+05,-0.28872,-7.124,1.1307,38.533,-17.822,-298.46,0.24194,-0.76253,0.85193,-0.24414,0.64591,-0.58822,0.42095
4.3064e+05,-0.29512,-3.0949,-0.56402,6.9062,0.29091,-343.75,0.16667,-0.79985,0.84032,-0.21885,0.67601,-0.55416,0.43361
4.3066e+05,-1.8788,-1.8082,-1.5429,-73.307,24.15,-373.12,-0.026882,-0.86947,0.85086,-0.18269,0.70542,-0.52322,0.44187
4.3068e+05,-3.8319,-4.7823,0.010243,-151.22,24.419,-400.64,-0.080645,-0.96037,0.84995,-0.13811,0.73558,-0.49451,0.44194
4.3069e+05,-5.4313,-7.475,0.60588,-147.72,10.107,-426.49,-0.30645,-1.0782,0.86562,-0.093947,0.7647,-0.46233,0.43893
4.3071e+05,-7.7279,-6.6071,0.5434,-129.04,-27.399,-431.61,-0.44624,-1.0898,0.96101,-0.055292,0.79275,-0.4272,0.43127
4.3072e+05,-6.7504,-5.53,1.1302,-103.66,-49.389,-437.4,-0.65591,-1.1114,0.98327,-0.020977,0.8189,-0.38878,0.42167
4.3074e+05,-7.3833,-9.7128,4.1423,-103.79,-59.431,-407.65,-0.92473,-1.1439,1.0223,0.011698,0.84217,-0.35185,0.40842
4.3075e+05,-7.2897,-9.3208,6.4965,-86.273,-48.605,-352.06,-1.0323,-1.0852,1.0341,0.038688,0.86011,-0.3193,0.39594
4.3077e+05,-11.933,-12.894,6.7276,-54.922,-34.711,-275.9,-1.2097,-1.0695,1.068,0.057791,0.87349,-0.29277,0.38464
4.3079e+05,-8.7031,-9.705,3.2617,1.8623,-28.538,-170.4,-1.3118,-1.1017,1.0789,0.06254,0.88103,-0.27619,0.37894
4.308e+05,-2.4327,-14.395,4.1329,-4.5347,21.474,-62.515,-1.371,-1.0483,1.0906,0.067441,0.88133,-0.27067,0.38139
4.3082e+05,1.073,-20.317,1.0847,104.11,43.248,21.706,-1.4409,-0.99498,1.1024,0.059009,0.87799,-0.26761,0.39247
4.3083e+05,-0.93651,-12.608,-2.2921,179.6,56.84,69.963,-1.3817,-1.0321,1.0683,0.035526,0.87107,-0.26816,0.40995
4.3085e+05,-1.9309,-5.9352,-1.0907,82.717,75.744,148.28,-1.371,-1.0797,1.0173,0.017215,0.85891,-0.28461,0.42541
4.3086e+05,-13.86,14.575,10.393,-53.108,182.19,322.77,-1.3226,-1.1229,1.0618,0.0059925,0.83363,-0.32952,0.44321
4.3088e+05,-24.716,4.4628,9.4963,-303.47,-61.156,230.31,-1.1559,-1.1982,1.106,0.019444,0.82557,-0.37837,0.41819
4.3089e+05,-6.8108,-24.861,-7.2685,-256.51,91.32,165.65,-1.0376,-1.1784,1.2635,0.049028,0.81058,-0.41069,0.41459
4.3091e+05,-11.518,-24.919,-8.6415,347.04,58.978,195.15,-0.97312,-1.1632,1.3423,0.0072331,0.7984,-0.41204,0.43901
4.3093e+05,-14.664,0.14781,14.457,60.33,50.011,203.11,-0.77957,-1.2681,1.1446,-0.011026,0.7835,-0.43429,0.4443
4.3094e+05,-7.5758,-15.811,13.802,-41.32,49.937,131.03,-0.76882,-1.279,1.1614,-0.0097479,0.77358,-0.45284,0.44319
4.3096e+05,-9.0934,-18.517,13.326,22.055,35.55,89.192,-0.64516,-1.2201,1.1507,-0.01327,0.76707,-0.46284,0.44408
4.3097e+05,-19.696,-11.306,9.7261,79,15.753,59.767,-0.57527,-1.1879,1.1454,-0.025074,0.76287,-0.46754,0.44587
4.3099e+05,-20.333,-7.3597,7.0966,29.83,2.2429,46.973,-0.50538,-1.1342,1.1235,-0.032806,0.75983,-0.47422,0.44351
4.31e+05,-19.82,-7.8107,3.9285,-4.0425,-1.9619,35.808,-0.42473,-1.1502,1.1177,-0.036778,0.75767,-0.48176,0.43875
4.3102e+05,-21.822,-4.7926,1.3363,116.44,-11.872,33.716,-0.46237,-1.1771,1.1343,-0.054897,0.75482,-0.48225,0.44122
4.3104e+05,-19.489,5.0588,1.4581,70.422,-14.062,43.893,-0.32796,-1.0644,1.0961,-0.070522,0.7504,-0.48665,0.44171
4.3105e+05,-14.937,5.3368,1.3859,91.131,-15.359,29.908,-0.31183,-1.0752,1.1016,-0.086783,0.74633,-0.4881,0.44408
4.3107e+05,-11.894,7.2336,1.3269,95.527,-15.837,32.848,-0.24731,-1.0373,1.057,-0.1034,0.74154,-0.48938,0.44715
4.3108e+05,-9.8782,8.8983,1.5083,91.552,-20.388,44.654,-0.19892,-1.037,1.0233,-0.12026,0.73588,-0.49185,0.44956
4.311e+05,-7.969,10.397,1.0845,57.458,-11.474,81.81,-0.2043,-0.96735,1.0128,-0.13485,0.72731,-0.49992,0.45046
4.3111e+05,-6.4633,11.387,0.0010402,49.498,-3.8893,127.47,-0.13978,-0.92964,0.98509,-0.15084,0.71477,-0.51255,0.45126
4.3113e+05,-6.1523,10.592,-0.69055,25.007,4.0731,162.41,-0.069892,-0.93526,1.0131,-0.16564,0.69971,-0.52928,0.45036
4.3114e+05,-6.929,10.183,-0.81084,33.182,-0.0088594,187.23,-0.048387,-0.92373,0.92896,-0.18233,0.6828,-0.54702,0.44867
4.3116e+05,-7.0691,9.632,-0.7575,-13.226,-3.3425,216.3,0.010753,-0.87577,0.9463,-0.19581,0.66569,-0.56834,0.44216
4.3118e+05,-7.7892,5.6855,-0.73188,-70.493,-8.8665,245.45,0.091398,-0.80148,1.0032,-0.20413,0.65032,-0.59288,0.42885
4.3119e+05,-8.548,0.76291,-0.69231,-60.534,-4.3473,260.97,0.19892,-0.78003,0.99782,-0.21158,0.63482,-0.61626,0.41528
4.3121e+05,-10.988,-1.0296,-0.71053,10.837,-2.9875,259.02,0.26344,-0.72116,0.99279,-0.22483,0.61757,-0.63452,0.40675
4.3122e+05,-11.066,-3.3808,0.18083,91.79,-6.9061,254.32,0.32796,-0.65148,0.97663,-0.24376,0.59836,-0.6474,0.40425
4.3124e+05,-13.948,-0.73799,4.9736,122.68,14.232,232.8,0.37097,-0.57623,0.93806,-0.26272,0.57824,-0.65783,0.40482
4.3125e+05,-19.249,1.7211,4.9813,52.854,-13.268,174.12,0.45161,-0.49574,0.91077,-0.27701,0.5668,-0.66644,0.39733
4.3127e+05,-15.173,-2.0843,7.8877,-78.157,-31.311,122.51,0.47312,-0.50114,0.91634,-0.27735,0.56585,-0.67754,0.37925
4.3129e+05,-10.366,-10.898,6.2572,-29.002,0.48034,82.172,0.47312,-0.43692,0.91136,-0.27469,0.56478,-0.68428,0.37059
4.313e+05,-10.922,-14.361,8.1086,60.344,-32.38,6.5573,0.42473,-0.48488,0.89403,-0.27785,0.56868,-0.67994,0.37024
4.3132e+05,-6.5238,-13.489,5.824,52.48,-39.619,-66.019,0.46237,-0.45285,0.89997,-0.27705,0.58008,-0.66932,0.37249
4.3133e+05,-3.6884,-13.275,4.3123,63.16,-48.034,-148.45,0.38172,-0.51111,0.8432,-0.2733,0.59862,-0.65067,0.37893
4.3135e+05,-1.7079,-13.081,3.9846,67.903,-35.137,-220.22,0.37097,-0.53818,0.87664,-0.26478,0.62203,-0.62556,0.38941
4.3136e+05,-1.4779,-10.1,2.4384,81.557,-38.422,-285.99,0.26344,-0.63921,0.81945,-0.25362,0.64946,-0.5928,0.40307
4.3138e+05,-0.53395,-5.615,-0.013296,75.236,-20.832,-335.59,0.13978,-0.82608,0.78949,-0.23701,0.67778,-0.55529,0.41963
4.3139e+05,-0.92423,-1.693,-1.1346,3.2117,4.9196,-366.01,0.016129,-0.86328,0.76665,-0.20987,0.70594,-0.51951,0.43326
4.3141e+05,-2.7391,-2.371,-2.2198,-105.64,21.82,-394.33,-0.12903,-0.95908,0.72075,-0.17012,0.73424,-0.48875,0.43941
4.3143e+05,-4.5539,-5.2307,-2.2183,-159.66,12.08,-419.37,-0.21505,-0.99155,0.75975,-0.12478,0.76292,-0.45809,0.43879
4.3144e+05,-6.8094,-5.2484,-1.482,-178.51,-20.901,-428.89,-0.44086,-1.083,0.8094,-0.080234,0.79093,-0.42656,0.43132
4.3146e+05,-7.6525,-7.2975,-1.0772,-147.6,-49.783,-430.42,-0.69355,-1.0889,0.87113,-0.040651,0.81745,-0.39132,0.4207
4.3147e+05,-6.9902,-6.5124,1.5638,-177.67,-74.09,-406.52,-0.80108,-1.1908,0.8982,-0.0013383,0.84128,-0.35943,0.4038
4.3149e+05,-8.5894,-8.6898,4.2971,-214.16,-76.832,-366.19,-1.0699,-1.1437,1.0054,0.039196,0.86115,-0.33242,0.38259
4.315e+05,-12.23,-16.327,8.2325,-162.8,-75.701,-299.26,-1.1774,-1.0904,1.0228,0.070953,0.87732,-0.30817,0.36098
4.3152e+05,-7.9152,-14.046,6.3949,-55.767,-60.065,-205.64,-1.3495,-1.0376,1.0907,0.084203,0.88764,-0.28929,0.34831
4.3154e+05,-3.4772,-13.582,8.3595,-6.2261,-3.2597,-100.8,-1.4086,-0.99493,1.0968,0.088436,0.89074,-0.27965,0.34721
4.3155e+05,0.32482,-18.149,5.4844,63.888,30.052,1.7887,-1.4677,-1.027,1.0965,0.083346,0.88855,-0.27754,0.35568
4.3157e+05,-0.63739,-13.402,4.2331,148.08,58.771,78.26,-1.4301,-1.0213,1.0628,0.063096,0.8823,-0.28123,0.37211
4.3158e+05,-2.8726,-6.9811,1.3352,86.906,62.149,133.54,-1.457,-1.0423,1.0233,0.044617,0.872,-0.29574,0.3875
4.316e+05,-11.186,4.961,14.661,32.767,151.04,257.43,-1.3602,-1.064,1.0512,0.027868,0.85257,-0.32777,0.4061
4.3161e+05,-24.723,17.47,3.9154,-292.6,24.633,305.99,-1.2903,-1.1015,1.0564,0.040247,0.83378,-0.3831,0.39551
4.3163e+05,0.96528,-24.161,-1.244,-220.82,156.67,195.91,-1.1559,-1.1777,1.1961,0.068641,0.81252,-0.41557,0.40299
4.3164e+05,-6.5408,-25.002,4.6002,-44.018,90.963,215.6,-1.0108,-1.1843,1.3196,0.069761,0.79547,-0.44132,0.40939
4.3166e+05,-13.711,-11.769,4.685,395.82,39.786,169.57,-0.90323,-1.1252,1.2865,0.017907,0.78564,-0.4393,0.43528
4.3168e+05,-10.649,-4.6831,8.8828,-68.761,83.828,142.21,-0.85484,-1.1825,1.1342,0.020232,0.77133,-0.46162,0.43766
4.3169e+05,-11.66,-16.711,10.656,-21.29,65.519,91.13,-0.72043,-1.1774,1.1624,0.021896,0.76257,-0.47434,0.43933
4.3171e+05,-17.403,-19.377,9.3671,87.516,39.727,52.062,-0.66129,-1.0763,1.2083,0.012592,0.75851,-0.47655,0.44431
4.3172e+05,-19.679,-6.1986,9.934,81.786,19.526,43.897,-0.5914,-1.1133,1.1743,0.00024772,0.75485,-0.47951,0.44752
4.3174e+05,-19.418,-5.083,5.9598,-19.629,7.3973,33.58,-0.52688,-1.0916,1.1408,-0.0022475,0.7521,-0.48776,0.4432
4.3175e+05,-19.324,-7.3454,3.0225,70.108,2.8105,23.982,-0.42473,-1.0863,1.1408,-0.013624,0.75028,-0.48942,0.44426
4.3177e+05,-21.069,2.6459,2.1411,80.425,-4.3068,35.175,-0.41398,-1.0115,1.1472,-0.029343,0.74676,-0.49211,0.44645
4.3179e+05,-17.378,5.6206,1.0511,79.061,-10.265,32.01,-0.36559,-0.98479,1.1531,-0.045258,0.74309,-0.49436,0.44875
4.318e+05,-13.883,6.8823,0.32759,79.72,-16.482,26.669,-0.33333,-0.96847,1.1251,-0.061031,0.73957,-0.49582,0.45108
4.3182e+05,-11.357,8.701,0.25055,98.97,-17.754,37.148,-0.22581,-0.94179,1.131,-0.079552,0.73487,-0.49676,0.45482
4.3183e+05,-9.272,10.69,-0.1786,75.388,-18.424,61.07,-0.22581,-0.95198,1.0804,-0.096802,0.72816,-0.50147,0.4571
4.3185e+05,-6.6571,12.058,-0.28334,63.372,-5.6717,109.49,-0.1828,-0.89862,1.0921,-0.11466,0.7171,-0.51126,0.4596
4.3186e+05,-5.9708,13.156,-0.80767,37.695,4.1109,157.32,-0.14516,-0.93588,1.0749,-0.13209,0.70192,-0.52697,0.46061
4.3188e+05,-6.7202,12.412,-0.31658,26.509,11.635,197.44,-0.10215,-0.80187,1.0425,-0.14994,0.68383,-0.54621,0.45995
4.3189e+05,-8.2211,12.227,-0.47801,20.86,11.567,227.58,0,-0.80181,1.0369,-0.16957,0.66364,-0.56718,0.45731
4.3191e+05,-9.1094,9.8178,-0.64352,-35.818,6.7816,247.87,0.043011,-0.78566,1.0259,-0.18431,0.64433,-0.59153,0.44829
4.3193e+05,-9.932,4.1144,-0.63649,-84.139,10.892,270.46,0.16129,-0.75887,1.0205,-0.1929,0.62673,-0.61814,0.43348
4.3194e+05,-11.202,-1.2634,-0.71502,-41.9,9.7232,278.75,0.24731,-0.63082,1.0499,-0.20362,0.60825,-0.64162,0.42058
4.3196e+05,-13.079,-1.4767,1.6617,25.878,0.46701,268.57,0.25269,-0.56677,1.0617,-0.21974,0.58856,-0.66009,0.41181
4.3197e+05,-12.667,-4.3091,2.3845,107.44,-1.2737,249.43,0.37097,-0.56108,1.0281,-0.23969,0.56835,-0.67167,0.41036
4.3199e+05,-15.787,-1.6917,8.259,62.897,7.3771,213.51,0.35484,-0.51245,0.97802,-0.25368,0.55129,-0.68383,0.40508
4.32e+05,-16.999,-1.4997,4.9234,27.026,-12.117,146.79,0.43548,-0.48009,0.95026,-0.26305,0.54297,-0.69152,0.39724
4.3202e+05,-11.295,-5.4657,7.23,-32.594,-29.488,89.833,0.39247,-0.43748,0.96754,-0.26432,0.54281,-0.69775,0.38554
4.3204e+05,-7.785,-11.882,7.2371,9.3997,-14.245,27.89,0.41398,-0.41598,0.95651,-0.26299,0.54596,-0.69794,0.38162
4.3205e+05,-6.3985,-13.908,6.3993,29.533,-35.024,-52.493,0.3871,-0.4636,0.90548,-0.26061,0.55698,-0.69023,0.38137
4.3207e+05,-3.2278,-14.335,4.7039,47.839,-47.392,-133.81,0.37634,-0.45842,0.92238,-0.25628,0.57539,-0.67431,0.38542
4.3208e+05,-0.75514,-13.053,3.3198,62.633,-44.99,-211.13,0.29032,-0.59722,0.89852,-0.24839,0.59956,-0.65065,0.39432
4.321e+05,0.27637,-10.422,2.2359,66.86,-43.794,-279.01,0.21505,-0.67124,0.81351,-0.23661,0.6284,-0.61994,0.40596
4.3211e+05,0.944,-6.0801,0.41852,60.663,-31.158,-332.8,0.10215,-0.78341,0.80115,-0.21959,0.65922,-0.5839,0.41985
4.3213e+05,0.21851,-2.1974,-1.9957,20.801,-7.9024,-370.5,-0.037634,-0.92221,0.77729,-0.19456,0.68948,-0.54665,0.43352
4.3214e+05,-1.8273,-3.0992,-1.6637,-97.744,12.406,-401.28,-0.12366,-0.97039,0.78243,-0.15554,0.72047,-0.51441,0.4383
4.3216e+05,-4.1114,-5.9144,-2.9195,-144.71,6.4264,-431.45,-0.31183,-1.0347,0.79302,-0.11132,0.75107,-0.48182,0.43743
4.3218e+05,-6.5447,-5.0315,-2.176,-183.03,-23.545,-438.27,-0.37097,-1.0938,0.82614,-0.066696,0.78072,-0.44994,0.42847
4.3219e+05,-8.8686,-6.0466,0.67013,-181.35,-56.285,-446.82,-0.66129,-1.1646,0.95465,-0.024504,0.80985,-0.41544,0.41346
4.3221e+05,-11.36,-7.5533,2.5097,-181.7,-79.807,-428.46,-0.90323,-1.1059,0.96647,0.014538,0.8364,-0.38139,0.39341
4.3222e+05,-12.832,-9.9218,6.1821,-203.8,-106.56,-380.29,-1.0323,-1.0958,1.0227,0.051515,0.85952,-0.35219,0.36678
4.3224e+05,-13.393,-13.841,7.306,-143.27,-95.879,-324.09,-1.2473,-1.0808,1.124,0.078823,0.87787,-0.32454,0.34322
4.3225e+05,-8.0386,-13.54,5.6878,-45.46,-67.307,-224.11,-1.3118,-1.0384,1.1638,0.090131,0.88925,-0.30311,0.33049
4.3227e+05,-2.8042,-12.197,5.9464,-12.452,-7.8256,-113.12,-1.4677,-0.97404,1.1476,0.094341,0.89225,-0.29254,0.33076
4.3229e+05,-0.17043,-19.338,5.5399,94.081,22.084,-1.8344,-1.5323,-1.017,1.1696,0.085681,0.8909,-0.2887,0.34
4.323e+05,-0.82931,-15.04,3.2027,201.86,51.65,81.052,-1.5215,-1.017,1.164,0.059417,0.88517,-0.29016,0.35882
4.3232e+05,-3.0573,-7.3344,1.113,159.18,59.289,136.63,-1.4839,-1.0589,1.0793,0.03264,0.87499,-0.30149,0.37741
4.3233e+05,-8.0903,2.5157,12.294,67.551,150.57,253.2,-1.4355,-1.0638,1.0343,0.012892,0.85507,-0.33166,0.39836
4.3235e+05,-24.622,22.871,-3.2344,-15.82,63.797,348.73,-1.2957,-1.1709,1.0501,-0.0065235,0.83301,-0.37621,0.4056
4.3236e+05,2.5877,-10.257,13.694,-356.71,99.518,232.18,-1.129,-1.1881,1.1623,0.02871,0.81396,-0.4232,0.39691
4.3238e+05,-3.3343,-25.011,9.9455,-283.61,126.66,205.64,-1.1022,-1.1889,1.2465,0.060332,0.79383,-0.46069,0.39238
4.3239e+05,-11.823,-24.512,-0.83323,570.22,25.553,161.07,-0.93548,-1.1998,1.2633,-0.0052941,0.78566,-0.44718,0.42749
4.3241e+05,-10.741,1.8811,3.5861,-80.197,85.983,172.19,-0.87634,-1.1772,1.1455,-0.0046789,0.76786,-0.47431,0.43058
4.3243e+05,-12.743,-11.26,9.6395,54.954,42.839,118.81,-0.78495,-1.1612,1.1513,-0.014499,0.75784,-0.48612,0.43491
4.3244e+05,-14.364,-17.224,11.744,-97.738,47.411,93.376,-0.73656,-1.1825,1.1399,-0.0056242,0.74992,-0.50378,0.42871
4.3246e+05,-19.125,-16.312,8.4047,146.11,1.8486,58.417,-0.62366,-1.1242,1.1854,-0.023881,0.74656,-0.50371,0.43399
4.3247e+05,-17.048,-5.0979,6.152,16.629,28.738,53.189,-0.55914,-1.0598,1.1692,-0.028869,0.74083,-0.51144,0.43447
4.3249e+05,-20.247,-6.8188,4.3197,-12.048,24.758,39.224,-0.5,-1.0494,1.1974,-0.030744,0.73656,-0.51947,0.43208
4.325e+05,-22.841,-3.2618,0.8956,76.505,4.9421,44.715,-0.40323,-1.0492,1.1805,-0.045024,0.73191,-0.52311,0.43433
4.3252e+05,-19.035,3.7439,0.4736,49.055,1.4198,42.704,-0.37097,-0.99554,1.1586,-0.057458,0.72663,-0.52805,0.43574
4.3254e+05,-16.817,4.0548,-1.5614,83.205,-3.2543,38.682,-0.27419,-0.9634,1.1533,-0.073607,0.72122,-0.53016,0.43972
4.3255e+05,-12.014,6.8584,-1.5094,92.007,-6.0887,33.763,-0.23656,-0.91511,1.1369,-0.090197,0.7156,-0.5307,0.44513
4.3257e+05,-10.531,8.6454,0.53536,85.745,-14.644,41.388,-0.22043,-0.89389,1.154,-0.10653,0.71009,-0.53201,0.44877
4.3258e+05,-9.1713,10.147,0.47964,66.052,-17.987,72.088,-0.19355,-0.90408,1.1033,-0.12267,0.70245,-0.53725,0.45043
4.326e+05,-7.8021,12.175,0.28469,25.803,-10.269,120.9,-0.19892,-0.83947,1.059,-0.13694,0.691,-0.54926,0.44953
4.3261e+05,-6.8777,10.608,-0.57716,27.938,-5.9987,158.92,-0.086022,-0.87729,1.098,-0.15322,0.67659,-0.56347,0.4486
4.3263e+05,-6.9589,10.59,-0.12031,37.778,6.6653,184.51,-0.064516,-0.80226,1.0819,-0.17013,0.65972,-0.57846,0.44857
4.3264e+05,-8.7288,10.677,0.38093,22.384,6.7657,205.26,0.0053763,-0.77024,1.0878,-0.18687,0.64228,-0.59501,0.44556
4.3266e+05,-8.2866,7.9709,-0.49713,-15.975,14.691,229.55,0.091398,-0.71131,1.0772,-0.19917,0.62531,-0.61355,0.43918
4.3268e+05,-8.855,2.3319,-0.5833,-56.193,26.924,253.97,0.11828,-0.71648,1.0603,-0.20529,0.60764,-0.63634,0.42859
4.3269e+05,-10.801,-1.1166,-0.36014,-1.9433,23.083,258.72,0.23118,-0.60966,1.0726,-0.21604,0.5888,-0.65547,0.42071
4.3271e+05,-11.249,-4.0759,1.2202,43.498,14.402,259.76,0.26882,-0.593,1.0109,-0.22989,0.56866,-0.67182,0.41525
4.3272e+05,-13.467,-4.4051,2.6526,143.51,10.627,232.69,0.27419,-0.51797,0.99482,-0.25021,0.54732,-0.68036,0.41827
4.3274e+05,-16.003,-2.258,4.9138,117.52,2.8382,179.09,0.33871,-0.46399,0.9448,-0.26661,0.5318,-0.68601,0.41893
4.3275e+05,-14.342,-1.8189,6.5733,7.7022,-22.359,114.59,0.37097,-0.44266,0.95063,-0.27282,0.52763,-0.69214,0.41002
4.3277e+05,-9.7478,-7.4764,6.1892,-31.214,-17.612,66.703,0.41398,-0.42611,0.90023,-0.27164,0.52916,-0.69703,0.40043
4.3279e+05,-7.7429,-12.914,6.8537,18.845,-23.487,6.5926,0.3871,-0.47964,0.90532,-0.27067,0.53452,-0.69493,0.39761
4.328e+05,-5.6098,-14.186,5.6575,32.585,-43.682,-65.186,0.32258,-0.46861,0.87172,-0.26837,0.54711,-0.68589,0.39774
4.3282e+05,-1.9825,-14.247,3.2353,43.139,-48.146,-145.31,0.30108,-0.50593,0.86011,-0.26262,0.56673,-0.66931,0.40233
4.3283e+05,0.71477,-13.345,2.2592,51.396,-40.518,-220.64,0.27957,-0.57499,0.81447,-0.25242,0.59183,-0.64567,0.41125
4.3285e+05,1.8478,-11.317,1.821,60.439,-27.188,-284.17,0.13441,-0.70315,0.79634,-0.23742,0.62016,-0.61586,0.42397
4.3286e+05,1.2471,-6.1988,-0.8206,72.555,-14.533,-334.4,0.080645,-0.77756,0.75065,-0.219,0.64969,-0.57981,0.44019
4.3288e+05,1.0016,-2.5818,-1.7989,5.5779,7.4072,-366.79,-0.048387,-0.8576,0.733,-0.19059,0.67932,-0.54494,0.45304
4.3289e+05,-1.027,-2.7455,-3.3028,-79.795,27.536,-385.85,-0.11828,-0.93763,0.71534,-0.1521,0.70775,-0.51416,0.45999
4.3291e+05,-3.9915,-3.9216,-2.0791,-160.58,20.293,-408.49,-0.32796,-1.0017,0.70908,-0.10657,0.73624,-0.48676,0.45788
4.3293e+05,-6.5963,-4.8375,-0.89747,-172.45,-12.948,-424.04,-0.52688,-1.1467,0.76381,-0.06227,0.76488,-0.45738,0.44932
4.3294e+05,-8.9031,-6.7755,0.34924,-160.99,-41.222,-429.45,-0.63441,-1.1313,0.83138,-0.021372,0.79286,-0.4251,0.43613
4.3296e+05,-9.655,-5.6211,0.015914,-161.74,-56.16,-414.35,-0.8871,-1.1746,0.88713,0.01643,0.81755,-0.39352,0.42011
4.3297e+05,-12.878,-9.2962,6.9831,-228.53,-81.599,-372.24,-1.0054,-1.1752,0.9433,0.057715,0.83995,-0.36844,0.39421
4.3299e+05,-13.406,-13.314,7.0581,-110.43,-88.411,-306.29,-1.2258,-1.123,1.0674,0.081203,0.85856,-0.34271,0.37261
4.33e+05,-9.8346,-11.18,5.7537,-70.541,-70.817,-220.02,-1.328,-1.0803,1.0791,0.094779,0.87073,-0.32446,0.35716
4.3302e+05,-3.7931,-10.332,5.0636,-24.931,-17.516,-117.91,-1.4462,-1.0806,1.1072,0.099988,0.87477,-0.31503,0.35431
4.3304e+05,0.6664,-17.721,5.6608,28.528,22.721,-6.6068,-1.5108,-1.0489,1.1468,0.099119,0.87291,-0.31382,0.36016
4.3305e+05,-0.32456,-16.721,3.5042,172.98,59.039,61.845,-1.4892,-1.0539,1.1131,0.078876,0.86779,-0.31334,0.37753
4.3307e+05,-3.2973,-8.231,1.5112,167.77,63.157,135.78,-1.4839,-1.0374,1.0683,0.051634,0.85783,-0.32326,0.39619
4.3308e+05,-10.508,5.281,6.514,88.201,160.25,260.98,-1.4247,-1.1761,1.0276,0.02844,0.83579,-0.35225,0.42019
4.331e+05,-24.657,23.522,-2.421,-90.565,14.154,312.01,-1.2742,-1.1493,1.0222,0.016241,0.81696,-0.39642,0.41853
4.3311e+05,1.3298,-11.291,7.2257,-283.8,116.44,229.13,-1.1667,-1.1825,1.1399,0.043174,0.79541,-0.43889,0.41573
4.3313e+05,-2.7533,-25.01,10.409,-275.55,118.33,221.89,-1.0484,-1.1778,1.2017,0.071025,0.77376,-0.47772,0.40991
4.3314e+05,-9.737,-24.699,0.40263,533.45,43.96,156.78,-0.96774,-1.1462,1.2526,0.011799,0.76537,-0.46373,0.44611
4.3316e+05,-11.071,1.392,7.0478,-13.571,82.061,160.34,-0.8871,-1.1668,1.1737,0.0058255,0.74881,-0.48476,0.45195
4.3318e+05,-12.707,-10.525,11.707,-22.529,56.079,105.04,-0.74731,-1.1504,1.1402,0.0050804,0.73889,-0.49939,0.45235
4.3319e+05,-16.393,-21.084,10.324,-41.079,54.067,72.61,-0.69892,-1.1669,1.185,0.0095041,0.73216,-0.51122,0.45002
4.3321e+05,-20.048,-12.077,9.6426,143.07,22.142,56.869,-0.58602,-1.1293,1.1629,-0.0080666,0.72776,-0.51094,0.45743
4.3322e+05,-18.041,-5.4844,6.0057,-18.007,21.035,44.465,-0.55376,-1.0651,1.1635,-0.010034,0.72337,-0.51972,0.45446
4.3324e+05,-21.371,-10.031,4.9028,1.0925,7.5269,27.312,-0.45699,-1.0652,1.1747,-0.01354,0.72153,-0.52544,0.45068
4.3325e+05,-23.067,-2.9193,3.0052,105.72,-11.921,36.027,-0.4086,-1.0439,1.1862,-0.031229,0.719,-0.52598,0.45322
4.3327e+05,-18.281,5.7591,2.1519,43.434,-12.718,35.76,-0.37097,-1.0224,1.1696,-0.043745,0.71544,-0.53032,0.45276
4.3329e+05,-14.387,4.3162,0.33303,97.569,-16.665,15.331,-0.2957,-0.92575,1.1312,-0.060181,0.71308,-0.52879,0.45638
4.333e+05,-11.399,5.7865,1.4138,122.05,-16.205,16.575,-0.25806,-0.9468,1.0973,-0.078325,0.71008,-0.52565,0.46189
4.3332e+05,-9.7301,9.588,0.98653,136.96,-20.25,24.23,-0.24731,-0.92001,1.0919,-0.098758,0.70583,-0.5221,0.46847
4.3333e+05,-7.3183,11.078,0.73639,85.34,-18.69,61.696,-0.22043,-0.87138,1.0418,-0.11579,0.69909,-0.52514,0.47127
4.3335e+05,-5.896,11.442,1.1277,49.235,-9.1531,112.87,-0.16129,-0.829,1.0816,-0.13148,0.68886,-0.53477,0.47139
4.3336e+05,-6.0259,11.35,0.43878,48.687,0.41059,156.39,-0.10215,-0.8554,1.0476,-0.14895,0.67467,-0.54809,0.47142
4.3338e+05,-6.4821,11.181,-0.15783,35.949,2.6825,189.33,-0.048387,-0.87144,1.0475,-0.16683,0.65815,-0.56427,0.46968
4.3339e+05,-7.0907,9.7188,-0.92553,-9.8648,2.5106,219.93,0.016129,-0.81251,1.0368,-0.18177,0.64112,-0.58427,0.4632
4.3341e+05,-8.7918,4.2094,-0.46751,-78.788,8.905,253.84,0.12366,-0.72673,1.0152,-0.19003,0.6249,-0.60974,0.44901
4.3343e+05,-9.3572,0.21451,-0.32034,-15.469,10.685,262.1,0.12903,-0.66285,1.0439,-0.20201,0.60656,-0.631,0.43945
4.3344e+05,-10.578,-0.39411,-0.43502,46.006,0.091008,259.9,0.22581,-0.58793,1.0391,-0.21949,0.58781,-0.64675,0.43362
4.3346e+05,-10.568,-1.8846,-0.16067,96.856,13.313,255.94,0.24194,-0.57718,1.0336,-0.23819,0.56676,-0.65915,0.43311
4.3347e+05,-12.53,-0.28518,1.3538,143.83,9.8057,223.95,0.34946,-0.55523,0.97759,-0.25904,0.54714,-0.66564,0.43642
4.3349e+05,-14.81,1.3883,3.673,102.14,-2.8904,187.04,0.40323,-0.46906,0.91666,-0.27596,0.53258,-0.67158,0.43495
4.335e+05,-14.536,-0.95094,7.3873,-52.166,-19.972,128.03,0.3871,-0.48488,0.89403,-0.27856,0.52955,-0.68236,0.41996
4.3352e+05,-11.025,-9.8179,7.3458,-128.96,-2.3612,78.891,0.39785,-0.46861,0.87172,-0.26962,0.53259,-0.69467,0.40135
4.3354e+05,-10.224,-17.045,7.6671,-6.1523,-17.656,20.985,0.39785,-0.41019,0.91163,-0.26737,0.53691,-0.69583,0.39506
4.3355e+05,-7.0415,-15.051,5.3815,64.581,-41.498,-58.74,0.4086,-0.5008,0.88263,-0.26776,0.54765,-0.68564,0.39785
4.3357e+05,-3.3967,-12.664,3.2731,49.438,-48.053,-137.16,0.33333,-0.53812,0.87102,-0.26303,0.5664,-0.66924,0.40264
4.3358e+05,-0.47895,-12.426,1.8469,51.349,-37.968,-210.86,0.31183,-0.52732,0.8599,-0.25327,0.59063,-0.64642,0.41127
4.336e+05,0.91398,-11.311,2.7274,41.169,-21.157,-271.05,0.17204,-0.60696,0.80292,-0.2371,0.61843,-0.61907,0.42199
4.3361e+05,0.14756,-7.0755,0.3765,68.092,-11.642,-319.77,0.12903,-0.69792,0.80763,-0.2192,0.64732,-0.58475,0.43703
4.3363e+05,0.070365,-2.1515,-0.63527,19.879,5.2609,-355.26,-0.0053763,-0.85264,0.77237,-0.19326,0.6764,-0.55001,0.45014
4.3364e+05,-1.2618,-2.0214,-1.563,-86.531,30.094,-381.51,-0.064516,-0.92148,0.70427,-0.1545,0.70527,-0.52013,0.45628
4.3366e+05,-4.2638,-4.8596,-2.4527,-142.41,26.541,-407.81,-0.27957,-0.96454,0.73193,-0.11025,0.73365,-0.49148,0.45612
4.3368e+05,-6.0259,-3.9593,-0.34082,-156.61,-8.1492,-418.18,-0.45161,-1.0829,0.80378,-0.067761,0.76185,-0.4617,0.44925
4.3369e+05,-6.7445,-5.4291,-0.42294,-158.13,-17.438,-424.85,-0.54301,-1.1258,0.8202,-0.025955,0.78813,-0.43008,0.43956
4.3371e+05,-9.8279,-8.3152,2.18,-198.56,-46.71,-407.17,-0.8172,-1.0892,0.89922,0.016981,0.81311,-0.401,0.42162
4.3372e+05,-9.9274,-12.099,4.8279,-194.79,-66.843,-368.92,-0.93011,-1.0948,0.92725,0.056166,0.83503,-0.37403,0.3996
4.3374e+05,-10.555,-16.395,8.2124,-123.91,-70.434,-314.08,-1.129,-1.0902,0.99472,0.084138,0.85334,-0.3476,0.37935
4.3375e+05,-7.3046,-14.807,6.3692,-14.923,-47.986,-219.72,-1.3118,-1.0911,1.0902,0.094366,0.8654,-0.3257,0.36891
4.3377e+05,-5.0346,-11.485,6.8709,44.261,-2.5961,-111.7,-1.371,-0.97331,1.0745,0.092432,0.87014,-0.31312,0.36915
4.3379e+05,-0.59851,-16.128,3.652,67.965,27.443,-16.187,-1.3871,-0.97866,1.0745,0.086985,0.86888,-0.30905,0.37679
4.338e+05,-0.18145,-14.643,1.9361,192.07,49.184,46.431,-1.4247,-1.0376,1.0851,0.064331,0.86454,-0.30591,0.39352
4.3382e+05,-2.1941,-7.2487,-2.9378,139.44,51.426,114.02,-1.3495,-1.0797,1.0229,0.040993,0.85483,-0.31486,0.41042
4.3383e+05,-5.3277,1.4983,20.456,33.55,161.29,223.95,-1.2903,-1.0849,1.006,0.028834,0.83572,-0.34165,0.42897
4.3385e+05,-24.578,23.004,-5.4736,-74.031,79.444,338.42,-1.2473,-1.1437,1.0054,0.016033,0.81217,-0.38754,0.43581
4.3386e+05,-0.51219,-13.608,0.48531,-314.26,129,201.44,-1.0914,-1.1285,1.0842,0.048159,0.79116,-0.42901,0.43324
4.3388e+05,-8.5733,-25.032,5.6398,-185.4,80.983,250.87,-1.043,-1.167,1.1962,0.060919,0.77112,-0.46678,0.42869
4.3389e+05,-10.516,-18.048,8.9433,465.82,26.684,172.57,-0.90323,-1.1778,1.2017,0.0043746,0.76179,-0.45849,0.45766
4.3391e+05,-10.891,-4.6924,8.3502,-61.176,77.179,154.13,-0.7957,-1.1662,1.1119,0.0046861,0.74687,-0.48133,0.4588
4.3393e+05,-9.566,-16.728,7.1467,53.781,46.386,97.396,-0.67204,-1.1609,1.1176,-0.002476,0.73861,-0.48974,0.46325
4.3394e+05,-15.303,-15.512,10.258,31.64,34.112,69.43,-0.58065,-1.1929,1.1117,-0.0074913,0.73301,-0.49724,0.46411
4.3396e+05,-22.055,-6.8609,10.373,57.628,-3.2847,50.763,-0.52151,-1.0967,1.1182,-0.018889,0.73018,-0.50211,0.46299
4.3397e+05,-17.959,-8.3041,5.135,4.0415,-1.9404,41.549,-0.47312,-1.0648,1.1298,-0.023791,0.72781,-0.50909,0.45886
4.3399e+05,-19.083,-9.1261,4.501,25.83,-8.2884,31.089,-0.43548,-1.086,1.1127,-0.030629,0.72648,-0.51367,0.45545
4.34e+05,-21.786,-0.82675,2.3522,116.88,-28.266,41.696,-0.36022,-1.0267,1.0684,-0.050915,0.72392,-0.51419,0.45713
4.3402e+05,-17.232,6.4689,1.7357,50.485,-20.17,38.762,-0.2957,-1.0107,1.0742,-0.064581,0.72032,-0.51848,0.45623
4.3404e+05,-15.24,6.3374,1.0194,89.898,-20.721,27.071,-0.29032,-0.98429,1.1025,-0.081085,0.71697,-0.51889,0.4584
4.3405e+05,-11.755,7.7958,0.12908,122.5,-20.911,35.071,-0.19892,-0.96763,1.0409,-0.10112,0.71211,-0.51771,0.46331
4.3407e+05,-9.1141,11.721,0.44776,93.542,-20.561,57.924,-0.23656,-0.95114,0.99611,-0.11916,0.7052,-0.52049,0.46647
4.3408e+05,-7.1614,13.323,0.8086,50.102,-8.8587,105.76,-0.16129,-0.91894,0.98519,-0.13494,0.69467,-0.53026,0.46696
4.341e+05,-6.4673,11.924,-0.065917,18.99,-3.4212,153.72,-0.10753,-0.92964,0.98509,-0.14983,0.68086,-0.54585,0.46479
4.3411e+05,-6.4701,10.304,-0.3231,21.22,1.2344,189.11,-0.048387,-0.87082,0.98567,-0.16604,0.66456,-0.56324,0.46211
4.3413e+05,-7.4098,10.724,-0.53312,15.794,4.1518,215.08,0.037634,-0.88168,1.0024,-0.18336,0.64659,-0.58167,0.45822
4.3414e+05,-8.157,9.129,-0.32763,-28.829,7.6507,237.24,0.080645,-0.83868,0.98038,-0.19615,0.62912,-0.60294,0.44965
4.3416e+05,-9.1281,4.513,-0.67266,-60.561,11.793,259.47,0.1828,-0.71553,0.96475,-0.20506,0.61267,-0.62576,0.43704
4.3418e+05,-10.312,0.080953,-0.11436,-36.759,13.614,270.52,0.25806,-0.7103,0.97604,-0.21456,0.5948,-0.64759,0.42521
4.3419e+05,-12.103,-1.5404,0.47803,18.69,12.626,264.35,0.28495,-0.65677,0.97096,-0.22775,0.57551,-0.66536,0.4174
4.3421e+05,-14.306,-3.2405,3.6438,54.732,5.2094,254.07,0.38172,-0.47497,0.97278,-0.2439,0.55579,-0.68045,0.41062
4.3422e+05,-18.461,-3.1159,7.7601,21.26,12.835,202.26,0.4086,-0.49084,0.95577,-0.25399,0.54049,-0.69431,0.40161
4.3424e+05,-16.854,-4.4642,5.1724,-3.9855,-29.529,132.93,0.47849,-0.39994,0.95667,-0.26157,0.53513,-0.70234,0.38979
4.3425e+05,-10.143,-8.4722,6.5849,-1.9054,-20.937,81.841,0.44624,-0.41576,0.93404,-0.26347,0.5341,-0.70661,0.38213
4.3427e+05,-8.6656,-12.817,7.1587,39.328,-27.539,15.785,0.43548,-0.43731,0.95068,-0.26501,0.53797,-0.70402,0.38042
4.3429e+05,-6.4113,-13.155,5.4549,60.98,-46.872,-61.737,0.44624,-0.43698,0.91698,-0.26571,0.54948,-0.69347,0.38284
4.343e+05,-2.857,-12.875,4.1077,58.944,-54.644,-134.88,0.3871,-0.44221,0.90569,-0.26286,0.56808,-0.67658,0.38786
4.3432e+05,-0.56593,-11.668,2.8054,60.17,-52.113,-203.85,0.30645,-0.57037,0.88755,-0.25584,0.59218,-0.6534,0.39617
4.3433e+05,0.18531,-9.9974,2.3597,54.269,-42.383,-262.53,0.28495,-0.61827,0.8646,-0.24396,0.62029,-0.62492,0.40645
4.3435e+05,-0.15973,-6.5668,0.42671,55.559,-35.604,-317.24,0.14516,-0.68784,0.86953,-0.22792,0.65086,-0.59063,0.41903
4.3436e+05,-0.38915,-2.4022,-1.6303,31.703,-16.056,-353.1,0.069892,-0.74103,0.8409,-0.20578,0.68134,-0.55361,0.43237
4.3438e+05,-0.94007,-2.4553,-2.9737,-58.793,4.155,-382.15,-0.11828,-0.82062,0.77831,-0.17188,0.71123,-0.52035,0.44028
4.3439e+05,-1.1638,-5.4639,-2.3313,-98.346,4.9303,-404.64,-0.29032,-0.93319,0.80527,-0.13285,0.74038,-0.48741,0.44341
4.3441e+05,-2.1569,-3.9018,-4.663,-69.889,-4.8074,-414.38,-0.3871,-1.0026,0.79896,-0.097956,0.76613,-0.45146,0.4468
4.3443e+05,-4.5763,-2.852,-1.0863,-158.76,-24.347,-424.69,-0.60215,-1.0348,0.80988,-0.05579,0.79236,-0.41943,0.43948
4.3444e+05,-7.3575,-7.5425,1.7667,-201.4,-44.451,-410.85,-0.73656,-1.0243,0.82684,-0.011017,0.81741,-0.38963,0.42415
4.3446e+05,-9.3534,-10.263,3.5267,-206.15,-65.382,-365.93,-0.96774,-1.1157,0.87648,0.030008,0.83894,-0.36363,0.4038
4.3447e+05,-11.469,-13.56,7.9425,-196.65,-67.557,-305.88,-1.1452,-1.0848,0.99477,0.066007,0.85616,-0.34214,0.38155
4.3449e+05,-10.582,-14.62,7.4829,-41.041,-70.833,-211.31,-1.2634,-1.0098,0.97867,0.077944,0.86906,-0.32269,0.36678
4.345e+05,-3.4162,-11.46,7.2609,-9.264,-14.586,-111.28,-1.3548,-0.97241,0.98466,0.082718,0.87327,-0.31286,0.36425
4.3452e+05,-0.011939,-16.405,6.39,49.965,22.47,-12.346,-1.4032,-1.0098,0.98428,0.079842,0.87191,-0.31017,0.3704
4.3454e+05,-1.3876,-16.212,3.9927,149.69,47.207,58.112,-1.3871,-1.0261,1.001,0.062471,0.8672,-0.31054,0.38423
4.3455e+05,-4.0361,-11.695,19.096,115.21,130.84,193.17,-1.3441,-1.0418,0.97273,0.044352,0.85307,-0.32811,0.40328
4.3457e+05,-24.375,18.831,-13.561,169.02,125.98,390.91,-1.2634,-1.0043,0.96748,0.0041559,0.82631,-0.36566,0.42836
4.3458e+05,-5.5219,6.2989,8.4897,-401.6,71.319,211.65,-1.1075,-1.1491,1.011,0.037017,0.80775,-0.41682,0.41525
4.346e+05,-7.2209,-24.908,-4.2129,-323.85,123.58,262.9,-1.0538,-1.0862,1.1296,0.069382,0.7833,-0.46259,0.40943
4.3461e+05,0.29266,-25.083,19.595,298.52,99.249,175.98,-0.91935,-1.0817,1.2139,0.036756,0.76987,-0.46409,0.43654
4.3463e+05,-13.34,-7.3285,14.637,154.49,56.832,157.04,-0.86022,-1.0866,1.1689,0.013449,0.75736,-0.47379,0.44917
4.3464e+05,-14.085,-5.4294,11.781,0.8035,40.46,122.08,-0.69355,-1.0648,1.1354,0.006841,0.74707,-0.48926,0.44995
4.3466e+05,-14.264,-16.02,10.95,-73.137,45.981,84.862,-0.58065,-1.0864,1.1577,0.012382,0.73966,-0.50444,0.44529
4.3468e+05,-21,-15.133,6.964,90.442,16.727,59.752,-0.56989,-1.0439,1.1806,-0.00035464,0.73575,-0.50764,0.44829
4.3469e+05,-18.658,-6.5705,4.2417,33.6,11.258,52.504,-0.43548,-1.0437,1.1581,-0.0090715,0.73148,-0.51402,0.44793
4.3471e+05,-20.439,-5.215,1.0567,22.929,10.662,43.151,-0.42473,-1.06,1.1916,-0.017052,0.7274,-0.52037,0.44701
4.3472e+05,-19.98,-2.3353,1.3552,60.186,-1.7352,41.118,-0.32796,-1.0169,1.1584,-0.030038,0.72377,-0.52417,0.44777
4.3474e+05,-16.863,3.2222,1.1648,93.217,-2.3415,35.678,-0.28495,-0.9419,1.1423,-0.04665,0.71957,-0.52524,0.45185
4.3475e+05,-14.516,6.094,0.47,85.248,-7.6236,32.298,-0.20968,-0.91522,1.1482,-0.062956,0.71543,-0.52614,0.45538
4.3477e+05,-11.173,7.5646,0.66271,77.955,-12.321,35.247,-0.21505,-0.89879,1.109,-0.078433,0.71098,-0.52752,0.45833
4.3479e+05,-9.2554,8.0936,0.892,70.299,-17.896,48.52,-0.14516,-0.90403,1.0977,-0.09406,0.70592,-0.53025,0.46007
4.348e+05,-7.8789,8.7831,0.39458,46.514,-10.914,83.78,-0.11828,-0.94129,1.0805,-0.10873,0.69782,-0.53767,0.46058
4.3482e+05,-6.8397,9.696,0.39001,34.343,-2.9109,126.13,-0.10753,-0.89322,1.0866,-0.1239,0.68619,-0.54933,0.46046
4.3483e+05,-6.5946,10.871,0.19939,27.177,2.8928,167.8,-0.043011,-0.85055,1.0982,-0.14083,0.67118,-0.56432,0.45959
4.3485e+05,-6.5439,12.019,0.10294,24.378,4.8284,202.46,0.037634,-0.79134,1.0595,-0.15991,0.65373,-0.58092,0.45782
4.3486e+05,-7.6424,10.193,-0.082931,-38.46,12.293,237.52,0.075269,-0.75937,1.0711,-0.17371,0.63551,-0.60295,0.44989
4.3488e+05,-8.9679,5.2703,-0.62734,-65.496,17.539,266.37,0.14516,-0.71665,1.0771,-0.18396,0.61714,-0.6272,0.43807
4.3489e+05,-9.9527,0.32851,-0.12034,-41.732,16.374,275.21,0.22043,-0.66307,1.0664,-0.19422,0.59833,-0.64989,0.42653
4.3491e+05,-11.13,-1.9122,-0.39548,44.85,14.803,265.16,0.32796,-0.57763,1.0785,-0.21031,0.57834,-0.66578,0.42194
4.3493e+05,-12.844,-3.1325,0.4065,100.04,23.009,260.7,0.37634,-0.50801,1.068,-0.22918,0.5561,-0.67845,0.42182
4.3494e+05,-17.562,-0.42509,5.4346,106.83,17.14,220.33,0.39247,-0.46517,1.0628,-0.24765,0.53626,-0.6884,0.42095
4.3496e+05,-18.493,-1.5144,6.1132,24.231,-9.5269,158.14,0.46237,-0.36814,0.98508,-0.25839,0.52623,-0.69763,0.41187
4.3497e+05,-12.402,-6.2547,5.7532,-15.113,-14.213,109.82,0.45699,-0.43776,0.99562,-0.26121,0.52278,-0.70493,0.40192
4.3499e+05,-10.984,-10.826,5.7939,46.958,3.6712,56.417,0.47849,-0.35204,0.97963,-0.26318,0.52099,-0.706,0.40108
4.35e+05,-9.5903,-12.169,4.8788,52.458,-25.78,-17.916,0.47849,-0.357,0.94025,-0.26397,0.52777,-0.70028,0.40173
4.3502e+05,-5.5293,-12.87,3.3823,13.039,-31.362,-90.846,0.40323,-0.43692,0.91136,-0.25784,0.5431,-0.69061,0.40201
4.3504e+05,-2.3343,-13.67,2.4665,14.956,-30.299,-164.9,0.36559,-0.53306,0.89916,-0.24734,0.56482,-0.67466,0.40576
4.3505e+05,-1.0546,-11.498,2.4528,11.641,-24.832,-235.61,0.3172,-0.54932,0.92147,-0.23192,0.59225,-0.65255,0.41188
4.3507e+05,-1.2592,-7.6825,1.1395,-2.4516,-23.84,-294.62,0.21505,-0.6024,0.88162,-0.21159,0.62412,-0.62491,0.41856
4.3508e+05,-1.0939,-4.9678,-0.65098,-33.644,-13.16,-343.57,0.15591,-0.64529,0.89242,-0.18458,0.65851,-0.59328,0.42463
4.351e+05,-2.6201,-4.3316,-1.1659,-93.631,-0.91054,-383.54,0,-0.84302,0.87921,-0.14852,0.69319,-0.56152,0.42675
4.3511e+05,-3.3184,-6.5445,-0.086581,-139.7,-4.9162,-414.3,-0.10753,-0.90189,0.88424,-0.10713,0.72753,-0.5294,0.42304
4.3513e+05,-5.462,-8.6065,-0.91177,-122.97,-23.87,-435.63,-0.29032,-0.94512,0.92875,-0.068567,0.76022,-0.49348,0.41693
4.3514e+05,-6.7836,-8.7711,-0.40856,-55.778,-59.757,-453.06,-0.51613,-1.0203,0.96171,-0.039329,0.79185,-0.45091,0.41001
4.3516e+05,-4.5435,-7.4616,2.5908,-39.795,-66.969,-455.77,-0.65054,-1.0415,0.93902,-0.012429,0.82067,-0.40597,0.40192
4.3518e+05,-5.0293,-6.5739,1.137,-11.43,-54.2,-429.57,-0.8871,-1.0522,0.94453,0.0095208,0.84384,-0.36169,0.39627
4.3519e+05,-9.1285,-6.1688,4.088,-133.86,-46.864,-376.82,-1.0269,-1.0952,0.96096,0.04116,0.86224,-0.32957,0.38241
4.3521e+05,-12.719,-13.185,5.7771,-94.786,-54.41,-290.02,-1.2151,-1.0476,1.012,0.064071,0.87699,-0.3035,0.36697
4.3522e+05,-8.0377,-9.7337,3.1355,-36.352,-43.717,-188.52,-1.3763,-1.0158,1.0404,0.072854,0.88522,-0.28668,0.35902
4.3524e+05,-2.8633,-12.712,4.9406,-3.4021,-5.7072,-84.324,-1.4194,-0.95142,1.0242,0.076057,0.88722,-0.27914,0.35935
4.3525e+05,2.0883,-18.056,2.8042,13.707,34.456,28.753,-1.4731,-0.99453,1.0575,0.076837,0.88265,-0.28227,0.36791
4.3527e+05,-1.6816,-18.375,0.49822,151.82,49.871,94.349,-1.4731,-0.98389,1.0632,0.057881,0.87635,-0.28631,0.383
4.3529e+05,-2.2763,-7.6464,0.16583,172.45,50.802,128.49,-1.3925,-1.0367,1.0009,0.029715,0.86695,-0.29557,0.4002
4.353e+05,-4.035,3.9157,22.686,-39.252,137.45,232.85,-1.3495,-1.133,0.99991,0.024239,0.84908,-0.32837,0.4131
4.3532e+05,-24.488,24.705,-10.865,-63.688,196.48,376.63,-1.2742,-1.1066,1.0339,0.014535,0.81761,-0.37742,0.43457
4.3533e+05,3.2767,-18.211,8.5254,-374.12,125.96,234.09,-1.1398,-1.2306,1.1338,0.052539,0.79597,-0.42523,0.4276
4.3535e+05,-6.8232,-25.043,9.7054,-199.08,82.303,248.48,-1.0591,-1.1248,1.2472,0.067087,0.77593,-0.46341,0.4227
4.3536e+05,-12.22,-19.031,-0.55348,596.51,15.751,180.14,-0.86559,-1.1512,1.2188,-0.0045663,0.76718,-0.44835,0.45869
4.3538e+05,-9.9485,-2.0895,5.0965,-157.33,71.649,177.48,-0.89247,-1.1874,1.0892,0.0035199,0.75058,-0.4801,0.45399
4.3539e+05,-6.6769,-22.522,7.7562,66.8,52.343,95.421,-0.73118,-1.1238,1.1517,-0.002763,0.74257,-0.48683,0.45997
4.3541e+05,-16.165,-15.523,11.792,12.708,52.973,68.413,-0.60753,-1.145,1.1346,-0.0046263,0.73594,-0.49548,0.46139
4.3543e+05,-24.365,-11.063,8.7301,107.01,2.1714,50.181,-0.56989,-1.1133,1.1686,-0.020238,0.73311,-0.49714,0.46368
4.3544e+05,-18.381,-3.9631,7.1982,-11.556,14.192,47.926,-0.48925,-1.0913,1.1127,-0.023565,0.72896,-0.50617,0.46028
4.3546e+05,-20.858,-8.4662,1.3694,30.782,-2.0417,28.287,-0.44624,-1.1289,1.1235,-0.031053,0.7271,-0.51055,0.45793
4.3547e+05,-22.393,-1.4545,2.3278,90.257,-14.894,39.311,-0.39785,-1.0595,1.1355,-0.047541,0.72416,-0.51255,0.45893
4.3549e+05,-16.873,4.9267,1.4348,79.849,-15.828,33.25,-0.3172,-1.0589,1.0793,-0.06317,0.7206,-0.51453,0.46043
4.355e+05,-13.379,6.1019,0.8188,94.836,-14.546,19.487,-0.28495,-1.0218,1.1078,-0.078996,0.71739,-0.51388,0.46372
4.3552e+05,-11.805,7.7334,0.22435,105.32,-16.371,24.517,-0.23118,-0.95727,1.0747,-0.096242,0.7134,-0.51281,0.46778
4.3554e+05,-9.8272,10.107,0.15943,74.496,-22.988,43.924,-0.26344,-0.95682,1.0298,-0.11159,0.70828,-0.51548,0.46923
4.3555e+05,-6.7493,11.177,-0.052109,35.828,-16.48,84.154,-0.15054,-0.91979,1.0695,-0.12525,0.70039,-0.52382,0.46838
4.3557e+05,-5.5133,10.647,-0.74384,27.143,-8.8177,123.52,-0.12366,-0.9195,1.0414,-0.13937,0.68916,-0.53598,0.46729
4.3558e+05,-5.4849,10.295,0.42159,3.7138,-0.021039,157.13,-0.10215,-0.84476,1.0534,-0.15188,0.67598,-0.55197,0.46402
4.356e+05,-5.8454,10.616,-0.38603,-8.5852,5.4421,188.97,-0.026882,-0.84971,1.014,-0.16505,0.66019,-0.57054,0.45977
4.3561e+05,-6.5519,8.2211,-0.60981,-43.779,12.425,222.93,0.010753,-0.81251,1.0368,-0.17527,0.64322,-0.59268,0.45198
4.3563e+05,-7.1633,5.6855,-0.099116,-63.049,24.59,248.37,0.13978,-0.75363,1.0318,-0.18304,0.62613,-0.61575,0.44195
4.3564e+05,-8.7595,2.0811,-1.0186,-58.363,32.587,263.53,0.17742,-0.70557,1.0379,-0.19003,0.60775,-0.63879,0.43182
4.3566e+05,-12.219,-3.7521,-0.42477,14.311,14.241,268.13,0.24731,-0.64669,1.0329,-0.20384,0.58797,-0.65802,0.42397
4.3568e+05,-11.221,-5.4651,1.1464,127.03,11.226,259.96,0.31183,-0.54499,1.0226,-0.22504,0.56574,-0.6694,0.42568
4.3569e+05,-15.175,-1.467,3.4721,182.95,7.2084,224.93,0.3871,-0.48583,0.98952,-0.25005,0.5445,-0.67442,0.43145
4.3571e+05,-19.44,0.62978,6.6071,116.86,-5.5205,173.92,0.44624,-0.46906,0.91666,-0.26867,0.52998,-0.67945,0.43045
4.3572e+05,-15.563,-1.6494,7.9122,6.4658,-38.403,115,0.42473,-0.4264,0.92832,-0.27687,0.52681,-0.68536,0.41963
4.3574e+05,-8.8294,-9.2554,5.7348,11.923,-15.507,70.768,0.45699,-0.38897,0.92869,-0.27886,0.52633,-0.68834,0.41401
4.3575e+05,-9.4178,-13.587,6.6013,66.331,-19.308,11.126,0.43011,-0.40979,0.87231,-0.28149,0.52929,-0.68426,0.41521
4.3577e+05,-6.7515,-13.951,5.3954,34.936,-36.844,-61.811,0.42473,-0.45752,0.8325,-0.27902,0.54125,-0.67555,0.41573
4.3579e+05,-3.6293,-13.471,3.2627,21.599,-43.332,-138.41,0.36022,-0.47919,0.86038,-0.27144,0.56088,-0.66096,0.41817
4.358e+05,-1.1859,-11.916,2.6039,16.338,-32.637,-210.66,0.30108,-0.57521,0.83694,-0.25799,0.58598,-0.64056,0.42396
4.3582e+05,-0.83842,-8.5489,1.617,2.1857,-27.925,-274.42,0.18817,-0.64439,0.80254,-0.23878,0.61575,-0.61489,0.43098
4.3583e+05,-1.1094,-4.7246,-0.60051,-5.2752,-17.202,-320.98,0.13441,-0.6494,0.76879,-0.215,0.64736,-0.5844,0.43951
4.3585e+05,-1.6007,-2.7119,-1.1395,-68.14,2.1015,-350.64,0,-0.74559,0.76221,-0.18205,0.67888,-0.55523,0.44462
4.3586e+05,-3.5263,-4.82,-0.79431,-137.77,4.5875,-381.77,-0.21505,-0.87369,0.73845,-0.1413,0.71026,-0.52839,0.44314
4.3588e+05,-5.0407,-6.7027,-1.8403,-131.55,-7.6644,-408.49,-0.26882,-0.95914,0.72636,-0.10105,0.74091,-0.49767,0.4395
4.3589e+05,-7.4774,-6.7469,0.13487,-130.3,-49.371,-422,-0.47312,-1.0292,0.77623,-0.06425,0.77181,-0.46443,0.42952
4.3591e+05,-5.2109,-6.8093,-1.1082,-79.189,-60.029,-433.23,-0.57527,-1.0452,0.78168,-0.032901,0.80013,-0.42567,0.42133
4.3593e+05,-6.2819,-6.1878,1.5259,-129.49,-62.577,-414.69,-0.83333,-1.0616,0.81523,0.0018382,0.82509,-0.39087,0.40797
4.3594e+05,-8.6762,-8.1648,5.3617,-167.52,-71.336,-371.34,-0.92473,-1.1208,0.85396,0.037115,0.8465,-0.36186,0.38874
4.3596e+05,-10.688,-13.382,6.7473,-138.72,-65.419,-310.6,-1.1505,-1.0943,0.87108,0.06636,0.86347,-0.33646,0.36989
4.3597e+05,-9.3079,-12.862,4.959,-51.284,-59.102,-220.66,-1.3172,-1.0627,0.92196,0.079564,0.87503,-0.31669,0.35736
4.3599e+05,-4.1303,-11.433,6.2058,5.4732,-13.896,-131.62,-1.3656,-1.0684,0.96123,0.083159,0.87983,-0.30396,0.3558
4.36e+05,0.64866,-15.934,5.052,32.575,17.252,-27.393,-1.4785,-1.0738,0.96117,0.082798,0.87853,-0.30053,0.36196
4.3602e+05,0.44134,-14.976,2.8908,117.27,49.691,49.099,-1.4731,-1.015,0.96176,0.069268,0.87299,-0.30177,0.37687
4.3604e+05,-2.9801,-8.4402,2.0183,139.8,45.398,96.374,-1.457,-1.0468,0.93897,0.04685,0.8653,-0.30902,0.39189
4.3605e+05,-7.8602,0.0070615,21.921,23.088,175.88,236.15,-1.3656,-1.1055,0.92715,0.035975,0.8455,-0.338,0.41181
4.3607e+05,-24.532,17.237,-5.5067,-81.154,50.008,366.05,-1.3656,-1.1323,0.92688,0.021883,0.82257,-0.38764,0.4155
4.3608e+05,-0.027958,-22.229,13.115,-360.88,165.71,228.19,-1.1667,-1.1867,1.0275,0.062056,0.7991,-0.43293,0.41252
4.361e+05,-7.0287,-24.967,1.8728,-4.9717,48.584,223.75,-1.1237,-1.1129,1.1293,0.056506,0.78361,-0.45748,0.4165
4.3611e+05,-9.7304,-18.511,6.0188,274.17,93.424,169.38,-0.98387,-1.2305,1.1281,0.02472,0.76977,-0.46078,0.44105
4.3613e+05,-13.599,-8.0454,12.892,46.268,58.114,124.9,-0.89785,-1.1336,1.0617,0.01506,0.75871,-0.47391,0.4467
4.3614e+05,-10.289,-14.081,8.8286,40.687,41.007,89.898,-0.77419,-1.1388,1.0504,0.0087201,0.75106,-0.48295,0.45011
4.3616e+05,-17.324,-13.741,11.629,10.919,36.521,62.504,-0.6828,-1.0754,1.1241,0.0057629,0.74569,-0.4913,0.45004
4.3618e+05,-20.23,-10.952,9.1581,84.965,17.181,43.343,-0.65054,-1.0485,1.1019,-0.0057827,0.74243,-0.4936,0.45291
4.3619e+05,-18.406,-3.6759,5.2852,12.091,9.554,37.271,-0.54839,-1.0803,1.0735,-0.011575,0.73893,-0.5003,0.45116
4.3621e+05,-21.306,-5.2237,1.06,48.062,-7.961,32.105,-0.5,-1.0749,1.0679,-0.022447,0.73659,-0.50443,0.44998
4.3622e+05,-19.167,2.8362,2.0897,62.792,-5.7456,39.829,-0.39785,-1.0111,1.1135,-0.036355,0.73265,-0.50839,0.45105
4.3624e+05,-17.03,5.8934,0.94888,75.026,-8.9718,31.121,-0.34409,-0.97888,1.097,-0.051491,0.72878,-0.51058,0.45336
4.3625e+05,-13.734,6.4934,0.33723,87.972,-10.695,27.124,-0.32258,-0.97342,1.0858,-0.067337,0.72475,-0.51135,0.45687
4.3627e+05,-10.715,8.2801,0.30095,97.128,-17.147,40.316,-0.25806,-0.89817,1.0472,-0.085095,0.7197,-0.51242,0.46066
4.3629e+05,-8.0611,9.1727,0.27618,74.709,-18.185,62.557,-0.26344,-0.91962,1.0526,-0.10128,0.71305,-0.51678,0.46287
4.363e+05,-7.0102,10.208,0.22475,52.798,-9.1258,109.03,-0.1828,-0.91939,1.0301,-0.11751,0.7026,-0.52674,0.46377
4.3632e+05,-6.7994,10.134,0.56346,33.646,2.8552,146.59,-0.13441,-0.89294,1.0585,-0.13298,0.68916,-0.54094,0.46343
4.3633e+05,-7.4921,10.804,-0.075316,59.298,4.2511,178.31,-0.091398,-0.84982,1.0252,-0.15282,0.67251,-0.55569,0.4643
4.3635e+05,-7.9185,11.251,-0.063063,33.771,0.96292,203.19,-0.016129,-0.82281,0.99739,-0.17192,0.65491,-0.57297,0.46178
4.3636e+05,-8.1935,9.772,-0.032407,-5.1282,-4.4878,224.38,0.021505,-0.79078,1.0033,-0.18782,0.63784,-0.59271,0.45451
4.3638e+05,-8.4733,6.1274,-0.48129,-52.714,4.1565,249.35,0.12903,-0.72093,0.97032,-0.19834,0.62166,-0.61498,0.44271
4.3639e+05,-9.4421,0.74659,0.045575,-58.99,12.933,268.69,0.13441,-0.71035,0.98166,-0.20611,0.60377,-0.63914,0.42951
4.3641e+05,-10.849,-1.2087,0.26497,-8.5422,15.093,264.72,0.21505,-0.62485,0.98813,-0.21708,0.58494,-0.65896,0.4201
4.3643e+05,-11.482,-4.6994,1.1394,30.728,4.2581,252.8,0.30645,-0.52883,1.0116,-0.23053,0.56642,-0.6751,0.41263
4.3644e+05,-14.817,-5.2582,7.3414,67.468,21.107,221.25,0.35484,-0.49669,1.0063,-0.24366,0.54766,-0.68812,0.40888
4.3646e+05,-19.508,-3.4262,4.8189,36.322,-6.4583,158.02,0.37634,-0.38891,0.92308,-0.2548,0.53678,-0.69711,0.40123
4.3647e+05,-11.974,-5.5544,6.885,-15.872,-32.694,100.2,0.39785,-0.46388,0.93356,-0.25844,0.53523,-0.70304,0.39047
4.3649e+05,-8.1149,-10.877,5.1595,41.982,-4.0709,46.354,0.41398,-0.3942,0.91741,-0.25965,0.53509,-0.70298,0.38998
4.365e+05,-7.4402,-13.137,6.2882,59.537,-22.465,-26.617,0.39785,-0.42054,0.87782,-0.25983,0.54212,-0.69619,0.39232
4.3652e+05,-4.5981,-13.845,5.5023,41.864,-28.478,-99.965,0.35484,-0.44745,0.8944,-0.255,0.55688,-0.68433,0.39567
4.3654e+05,-1.7935,-13.052,4.6347,49.983,-36.026,-173.63,0.27957,-0.50036,0.83769,-0.24718,0.57821,-0.66537,0.40232
4.3655e+05,0.1137,-10.322,3.0907,57.2,-30.215,-239.71,0.19892,-0.54285,0.80918,-0.23539,0.60416,-0.63979,0.41262
4.3657e+05,0.056185,-7.4229,2.1071,43.742,-23.132,-295.3,0.075269,-0.68137,0.75723,-0.21811,0.63336,-0.60961,0.42385
4.3658e+05,-0.50412,-4.098,-0.45566,40.508,-9.8035,-340.14,0.032258,-0.74537,0.73974,-0.19656,0.66345,-0.57468,0.43696
4.366e+05,-1.5084,-1.3464,-1.0165,-20.938,11.735,-367.52,-0.080645,-0.81443,0.6941,-0.16651,0.6924,-0.54164,0.44663
4.3661e+05,-2.9372,-3.3377,-0.86998,-104.97,22.517,-393.15,-0.26344,-0.88394,0.69341,-0.12711,0.72095,-0.51214,0.4492
4.3663e+05,-4.4114,-5.5488,-0.7502,-120.07,10.814,-414.05,-0.33333,-0.94822,0.704,-0.086455,0.74912,-0.48061,0.44761
4.3664e+05,-8.0666,-4.1355,-1.8329,-109.59,-22.404,-422.47,-0.55376,-1.0339,0.71438,-0.050519,0.7762,-0.44709,0.44167
4.3666e+05,-6.1009,-3.0544,-0.65782,-125.27,-36.377,-419.87,-0.66667,-1.109,0.7361,-0.014518,0.80112,-0.41372,0.43223
4.3668e+05,-7.3218,-5.6794,0.85794,-158.81,-42.577,-394.6,-0.89247,-1.1096,0.80351,0.023078,0.82305,-0.38364,0.41818
4.3669e+05,-10.677,-7.8363,4.6582,-215.18,-57.627,-347.21,-1.1237,-1.1049,0.85974,0.062496,0.84174,-0.36071,0.39682
4.3671e+05,-11.503,-16.36,7.4202,-128.3,-62.939,-284.63,-1.2097,-1.0896,0.93854,0.089603,0.85766,-0.33771,0.37729
4.3672e+05,-7.0508,-12.764,3.5006,-2.7264,-51.428,-194.74,-1.4032,-1.1005,0.9609,0.095837,0.86794,-0.31883,0.36856
4.3674e+05,-2.731,-12.123,5.8635,55.458,4.6945,-99.019,-1.4301,-1.0794,0.98359,0.092923,0.87125,-0.30716,0.3714
4.3675e+05,1.0468,-14.086,2.2913,27.149,26.364,4.8884,-1.5054,-1.0526,0.97824,0.090736,0.86768,-0.30808,0.37945
4.3677e+05,-2.0396,-17.434,-1.3514,178.14,47.071,68.974,-1.5161,-1.0526,0.98386,0.069678,0.86232,-0.3078,0.39598
4.3679e+05,-3.4734,-8.9651,7.6708,72.81,88.794,168.76,-1.4624,-1.0469,0.94459,0.053984,0.84993,-0.3258,0.41055
4.368e+05,-24.023,17.444,-13.572,181.7,197.52,372.44,-1.3656,-1.0951,0.94972,0.016193,0.82022,-0.35947,0.4447
4.3682e+05,-15.971,12.07,14.804,-374.55,-42.239,237.78,-1.2742,-1.1592,0.94908,0.036959,0.80781,-0.41315,0.4188
4.3683e+05,-7.1326,-24.893,-3.2118,-353.72,131.92,198.77,-1.1667,-1.1774,1.1624,0.076426,0.78649,-0.45384,0.41185
4.3685e+05,-4.8245,-24.951,1.2926,387.63,76.594,187.48,-1.0538,-1.205,1.252,0.032822,0.77419,-0.45118,0.4427
4.3686e+05,-10.727,-2.9219,7.0683,101.25,77.323,199.94,-0.91935,-1.2091,1.1227,0.012569,0.75655,-0.46918,0.45536
4.3688e+05,-10.283,-14.207,9.1888,14.531,48.624,126.55,-0.77419,-1.2357,1.1056,0.007031,0.74613,-0.48351,0.45767
4.3689e+05,-12.012,-15.68,12.036,-31.546,39.064,85.702,-0.74731,-1.2516,1.0942,0.0082705,0.739,-0.49646,0.45535
4.3691e+05,-20.985,-17.307,7.2918,100.85,15.245,54.81,-0.64516,-1.1823,1.1174,-0.0046057,0.73567,-0.4985,0.45854
4.3693e+05,-19.269,-6.3298,5.1777,58.324,8.764,47.868,-0.6129,-1.1181,1.118,-0.015234,0.73177,-0.50317,0.45945
4.3694e+05,-19.7,-6.235,2.584,-4.6289,-12.962,29.92,-0.5,-1.0804,1.0847,-0.02028,0.73034,-0.50999,0.45399
4.3696e+05,-20.264,-4.3026,2.682,68.935,-21.139,26.59,-0.44624,-1.0916,1.1408,-0.033569,0.72917,-0.5119,0.45292
4.3697e+05,-16.986,2.8028,2.7377,91.868,-18.846,28.229,-0.43011,-1.0113,1.1303,-0.049849,0.72656,-0.5126,0.45483
4.3699e+05,-14.064,6.4389,1.8033,91.72,-19.163,18.108,-0.34409,-0.97309,1.0521,-0.065748,0.72387,-0.51222,0.45751
4.37e+05,-11.806,7.1688,1.797,96.89,-22.445,23.072,-0.39785,-1.0109,1.0854,-0.08191,0.72061,-0.51185,0.46046
4.3702e+05,-9.8786,9.2905,2.5363,71.34,-18.439,40.522,-0.26344,-1.0106,1.0573,-0.096377,0.71596,-0.5146,0.46184
4.3704e+05,-8.157,10.496,0.79447,67.331,-10.634,74.33,-0.26344,-0.94089,1.0412,-0.11184,0.70791,-0.52067,0.46395
4.3705e+05,-6.304,9.7042,0.10629,57.224,0.98556,111.91,-0.21505,-0.97799,1.0071,-0.12704,0.69641,-0.53071,0.46606
4.3707e+05,-6.9917,10.451,0.38399,73.848,8.1271,152.71,-0.14516,-0.93526,1.0131,-0.1459,0.68125,-0.54302,0.46877
4.3708e+05,-7.9469,11.604,-0.023673,50.329,4.8606,189.46,-0.11828,-0.92451,1.0076,-0.165,0.66372,-0.55946,0.46825
4.371e+05,-7.4399,10.788,-0.87013,-10.415,-2.9687,221.43,-0.032258,-0.86564,1.0026,-0.18059,0.64602,-0.58058,0.46149
4.3711e+05,-7.4824,5.9122,0.080683,-52.724,0.31175,248.76,0.016129,-0.82793,0.97487,-0.19079,0.62885,-0.60487,0.44975
4.3713e+05,-8.3482,2.8829,-0.29562,-39.229,6.6619,260.65,0.14516,-0.80142,0.9976,-0.20094,0.61161,-0.62698,0.43869
4.3714e+05,-10.443,1.4898,-0.88471,-12.165,10.053,258.49,0.19892,-0.64624,0.98792,-0.21297,0.594,-0.64607,0.42942
4.3716e+05,-10.917,-1.9614,-0.14084,26.383,-1.6471,256.35,0.24731,-0.62508,1.0106,-0.22739,0.57596,-0.66232,0.42177
4.3718e+05,-10.407,-1.2981,1.1119,92.498,13.711,236.88,0.33333,-0.5393,0.98899,-0.24396,0.5567,-0.67294,0.42158
4.3719e+05,-15.525,-1.0113,2.678,82.17,17.989,196.83,0.3172,-0.51741,0.93865,-0.25775,0.54035,-0.68201,0.42005
4.3721e+05,-17.902,-2.2068,6.4375,-36.602,-20.326,132.27,0.40323,-0.52264,0.92736,-0.26242,0.53578,-0.69239,0.4058
4.3722e+05,-10.228,-8.5586,7.8242,-110.59,-2.9335,81.319,0.41398,-0.44767,0.91687,-0.25485,0.53766,-0.70338,0.38888
4.3724e+05,-10.411,-13.52,6.2065,71.602,1.4593,17.725,0.43548,-0.44778,0.92811,-0.25635,0.53875,-0.70032,0.39189
4.3725e+05,-8.2922,-11.679,5.9931,54.784,-33.593,-59.551,0.39247,-0.48471,0.87718,-0.25555,0.54974,-0.69076,0.39412
4.3727e+05,-4.249,-12.732,4.3603,10.033,-35.929,-133.52,0.37097,-0.55929,0.84834,-0.24717,0.56907,-0.67724,0.39548
4.3729e+05,-1.9256,-13.654,3.7117,21.489,-32.397,-208.8,0.30108,-0.60195,0.83668,-0.23485,0.5941,-0.65668,0.40083
4.373e+05,-1.4051,-11.073,3.5017,33.153,-28.785,-268.39,0.27419,-0.68227,0.84711,-0.21958,0.62299,-0.62952,0.40912
4.3732e+05,-1.3419,-6.0462,0.84178,37.972,-25.552,-324.62,0.13978,-0.73557,0.82972,-0.20084,0.65451,-0.59575,0.41996
4.3733e+05,-1.9112,-3.5899,-0.23573,-38.071,-5.4511,-371.53,-0.0053763,-0.86367,0.80597,-0.17072,0.68744,-0.56218,0.4269
4.3735e+05,-3.2583,-5.9189,-0.39298,-111.15,8.7402,-405.03,-0.091398,-0.97062,0.8049,-0.13106,0.72025,-0.53005,0.42791
4.3736e+05,-4.6046,-7.702,-0.2556,-114.81,2.7815,-427.6,-0.32258,-1.0192,0.85498,-0.091059,0.75123,-0.4956,0.42632
4.3738e+05,-5.7607,-5.7033,-1.2833,-88.011,-20.456,-437.87,-0.44624,-1.1369,0.85942,-0.056458,0.77988,-0.45793,0.42296
4.3739e+05,-7.4862,-4.447,0.62766,-122.02,-25.379,-443.05,-0.66667,-1.2445,0.92014,-0.019673,0.8064,-0.42102,0.41483
4.3741e+05,-9.7367,-8.4025,3.6861,-119.18,-43.624,-411.28,-0.7957,-1.2022,0.96551,0.013989,0.83043,-0.38565,0.40182
4.3743e+05,-9.1924,-8.9291,4.4453,-124.46,-51.423,-366.93,-1.0591,-1.0795,0.99482,0.044755,0.85019,-0.35422,0.3869
4.3744e+05,-10.304,-14.041,5.9493,-72.322,-50.557,-305.1,-1.2043,-1.123,1.073,0.066664,0.86629,-0.32549,0.37302
4.3746e+05,-7.7706,-11.568,5.156,1.4632,-34.401,-209.05,-1.2849,-1.0645,1.1017,0.073905,0.87634,-0.30403,0.36624
4.3747e+05,-3.6459,-11.182,4.7553,34.715,6.1391,-111.74,-1.414,-1.0482,1.0738,0.073919,0.87948,-0.29178,0.36867
4.3749e+05,0.31747,-16.909,2.2196,66.422,40.017,-19.039,-1.4624,-0.97314,1.0577,0.070374,0.87711,-0.28687,0.37872
4.375e+05,-0.5661,-17.699,-1.3995,185.92,53.239,56.337,-1.4247,-1.0749,1.0735,0.049956,0.87176,-0.28439,0.3958
4.3752e+05,-3.2528,-6.5905,-2.737,189.63,28.149,97.024,-1.4247,-1.0528,1.0007,0.019833,0.8644,-0.28911,0.41088
4.3754e+05,-2.4791,0.22221,4.5678,-21.291,63.742,160.54,-1.414,-1.1272,0.95502,0.012072,0.85185,-0.31365,0.41932
4.3755e+05,-23.983,9.4304,-17.025,72.823,220.42,333.52,-1.2903,-1.1602,1.0446,-0.010497,0.8219,-0.35031,0.44906
4.3757e+05,-13.17,-3.067,13.042,-264.84,-32.072,205.04,-1.2204,-1.165,0.98835,0.0039381,0.81382,-0.39273,0.42831
4.3758e+05,-11.481,-24.967,-2.6175,-224.89,82.47,199.11,-1.0914,-1.2521,1.1448,0.025884,0.79866,-0.42819,0.42206
4.376e+05,-11.008,-21.596,-2.6634,553.67,25.609,176.49,-0.94624,-1.2251,1.117,-0.039643,0.78729,-0.41584,0.45352
4.3761e+05,-13.279,0.71899,11.164,-103.54,77.691,187.72,-0.89785,-1.251,1.0324,-0.037087,0.77148,-0.44672,0.45154
4.3763e+05,-5.7586,-18.479,11.625,99.424,32.408,110.29,-0.73656,-1.2299,1.0607,-0.049176,0.76328,-0.45412,0.4569
4.3764e+05,-10.861,-13.9,15.68,-55.122,27.015,80.247,-0.73118,-1.1972,0.99926,-0.044982,0.75789,-0.46858,0.45168
4.3766e+05,-21.56,-13.174,8.0743,111.77,-7.4046,47.606,-0.57527,-1.251,1.0381,-0.060159,0.75533,-0.47001,0.45272
4.3768e+05,-21.071,-4.9726,4.2335,19.722,-12.685,43.719,-0.53763,-1.117,1.0001,-0.067651,0.75275,-0.47729,0.44831
4.3769e+05,-19.463,-7.0865,1.3851,19.803,-19.923,33.319,-0.49462,-1.1704,0.99953,-0.074568,0.75117,-0.48326,0.44344
4.3771e+05,-21.374,-0.71153,-0.22086,91.109,-19.334,42.433,-0.41398,-1.1225,1.0169,-0.091302,0.74709,-0.48632,0.44387
4.3772e+05,-19.441,5.9722,0.40748,55.657,-27.344,41.855,-0.3871,-1.0955,0.98905,-0.10544,0.74296,-0.49141,0.44205
4.3774e+05,-13.997,6.6209,0.74552,77.486,-25.629,31.227,-0.35484,-1.042,0.98958,-0.12012,0.73875,-0.49373,0.44277
4.3775e+05,-11.542,8.1763,1.3157,88.664,-27.384,39.991,-0.2957,-1.0631,0.9669,-0.13611,0.73357,-0.49603,0.4442
4.3777e+05,-8.9639,9.6054,1.2233,71.453,-27.537,59.642,-0.25806,-1.0416,0.95026,-0.151,0.72701,-0.50099,0.44459
4.3779e+05,-6.9961,10.099,1.3804,51.363,-17.452,102.16,-0.24194,-1.0361,0.93908,-0.16491,0.7172,-0.51112,0.44404
4.378e+05,-6.0608,12.153,0.579,34.234,-7.2645,146.55,-0.1828,-0.96105,0.91736,-0.17914,0.70349,-0.52618,0.44287
4.3782e+05,-6.6398,10.927,0.62119,20.924,-6.1264,179.69,-0.096774,-0.90769,0.92913,-0.19343,0.68801,-0.54407,0.43957
4.3783e+05,-7.1107,10.377,0.34591,5.6291,-8.174,204.46,-0.043011,-0.90206,0.90109,-0.20718,0.67134,-0.56383,0.43413
4.3785e+05,-6.9182,8.3683,0.15908,-35.978,-3.3985,225.29,0.048387,-0.82754,0.93554,-0.21634,0.65554,-0.58534,0.42525
4.3786e+05,-7.353,4.8394,0.16764,-68.582,4.4568,251.05,0.075269,-0.86998,0.90141,-0.22129,0.63914,-0.60978,0.41315
4.3788e+05,-8.7425,1.0972,-0.17284,-55.232,2.9395,261.76,0.19355,-0.76326,0.92495,-0.22732,0.62291,-0.63227,0.40067
4.3789e+05,-10.934,-1.1671,-0.32583,-2.7082,-1.5986,261.54,0.29032,-0.69375,0.92565,-0.23813,0.60566,-0.65074,0.39117
4.3791e+05,-9.5548,-3.0135,0.33215,69.904,-9.0871,251.45,0.30645,-0.61889,0.9264,-0.25387,0.58685,-0.66398,0.38767
4.3793e+05,-12.654,-2.6719,4.5335,99.171,16.876,225.97,0.39247,-0.50632,0.89943,-0.26875,0.56769,-0.67492,0.38728
4.3794e+05,-19.807,-1.9143,5.7707,21.396,-3.9647,167.15,0.40323,-0.47942,0.88285,-0.2779,0.55685,-0.68545,0.37794
4.3796e+05,-14.334,-4.7747,8.2547,-70.322,-35.831,107.6,0.45699,-0.48989,0.86027,-0.2777,0.55688,-0.69455,0.36106
4.3797e+05,-9.4927,-11.187,5.5281,14.919,-2.5662,64.331,0.44624,-0.45775,0.85497,-0.27729,0.55582,-0.69734,0.35761
4.3799e+05,-10.017,-13.224,6.2375,65.812,-36.084,-13.008,0.45699,-0.48426,0.83224,-0.28007,0.56166,-0.69076,0.35909
4.38e+05,-6.4272,-13.243,5.6949,36.432,-46.215,-84.382,0.39785,-0.56469,0.8539,-0.27758,0.57561,-0.67937,0.36066
4.3802e+05,-3.1921,-12.944,3.429,28.662,-48.645,-156.71,0.39247,-0.48977,0.84903,-0.27105,0.59631,-0.66178,0.36467
4.3804e+05,-1.5718,-11.76,3.7462,17.383,-41.081,-222.65,0.29032,-0.60713,0.81977,-0.25909,0.62218,-0.63893,0.37085
4.3805e+05,-1.8575,-8.4339,2.5115,15.582,-39.722,-282.81,0.23118,-0.68728,0.81335,-0.24337,0.65205,-0.60983,0.37909
4.3807e+05,-1.8423,-5.2457,-0.44437,8.4455,-33.468,-334.33,0.096774,-0.76743,0.80693,-0.22324,0.68367,-0.57543,0.38941
4.3808e+05,-2.6826,-3.5244,-1.4597,-54.527,-12.378,-367.9,-0.069892,-0.90623,0.78307,-0.19352,0.71496,-0.54194,0.3971
4.381e+05,-3.4789,-4.6668,-1.4309,-112.32,-7.7742,-393.86,-0.12366,-0.96527,0.80495,-0.15664,0.74611,-0.50899,0.39964
4.3811e+05,-4.3377,-5.9274,-1.8376,-130.82,-14.048,-415.37,-0.3172,-0.96544,0.82181,-0.11775,0.77576,-0.4746,0.39884
4.3813e+05,-5.764,-4.9268,-2.1069,-129.09,-38.36,-424.51,-0.45161,-1.0247,0.86616,-0.081508,0.80357,-0.43847,0.39416
4.3814e+05,-6.6872,-5.8526,1.7421,-160.52,-64.432,-425.91,-0.68817,-1.1157,0.87648,-0.043538,0.83069,-0.40277,0.3819
4.3816e+05,-7.3538,-8.6376,1.5268,-134.4,-77.4,-402.73,-0.91935,-1.0631,0.96128,-0.010339,0.85436,-0.3666,0.36819
4.3818e+05,-7.8424,-10.76,4.7296,-158,-73.079,-360.41,-1.0161,-1.0522,0.94453,0.023491,0.87375,-0.33527,0.35157
4.3819e+05,-9.8011,-14.484,6.9379,-78.866,-64.218,-297.74,-1.2097,-1.0526,0.98386,0.045194,0.88892,-0.30617,0.3377
4.3821e+05,-7.735,-11.084,5.5467,-4.8099,-47.097,-202.51,-1.2957,-1.0472,0.97829,0.051686,0.89774,-0.28544,0.33154
4.3822e+05,-3.514,-10.868,6.4345,19.352,-6.7096,-107.81,-1.3763,-1.0313,0.9953,0.05284,0.90025,-0.27423,0.33401
4.3824e+05,0.86445,-15.596,3.1298,39.086,27.044,-2.7405,-1.4301,-0.98316,0.99017,0.051264,0.89696,-0.27301,0.34396
4.3825e+05,-0.27805,-15.447,0.54154,153.22,46.604,75.332,-1.4462,-0.97236,0.97904,0.032615,0.89021,-0.27578,0.36113
4.3827e+05,-2.7909,-6.8592,0.2047,139.9,37.762,107.65,-1.4086,-1.0149,0.95614,0.0091736,0.88154,-0.28491,0.37635
4.3829e+05,-2.2974,0.80165,12.66,-54.617,116.93,185.25,-1.3763,-1.0839,0.89927,0.0076794,0.86588,-0.31411,0.38927
4.383e+05,-24.26,16.629,-15.173,27.358,257.04,354.19,-1.3387,-1.1007,0.98337,-0.0076544,0.83373,-0.35627,0.42179
4.3832e+05,-6.9318,-8.8885,18.504,-347.66,0.22213,203.79,-1.1774,-1.1546,1.0222,0.021103,0.82334,-0.40118,0.40089
4.3833e+05,-14.082,-24.943,-7.5469,-161.98,76.423,202.72,-1.1022,-1.1348,1.1853,0.036537,0.80793,-0.43279,0.39826
4.3835e+05,-12.04,-21.93,-6.8939,494.63,39.114,171.56,-0.96237,-1.1294,1.1797,-0.021474,0.79654,-0.42487,0.42959
4.3836e+05,-11.142,-2.4631,7.117,-88.59,87.494,182.27,-0.8871,-1.1178,1.0843,-0.018811,0.77984,-0.4536,0.43098
4.3838e+05,-7.6232,-20.469,11.273,22.984,56.493,104.97,-0.75269,-1.1344,1.1403,-0.020926,0.77104,-0.46503,0.43452
4.3839e+05,-12.647,-15.439,12.972,51.584,40.464,62.255,-0.68817,-1.0916,1.1408,-0.026216,0.76548,-0.47089,0.43775
4.3841e+05,-21.535,-9.4596,9.7864,66.531,11.145,52.048,-0.60753,-1.0969,1.1295,-0.0368,0.76166,-0.47579,0.43834
4.3843e+05,-19.861,-5.6072,5.4923,-15.184,0.71152,37.435,-0.53763,-1.0379,1.1132,-0.039585,0.75903,-0.48423,0.43339
4.3844e+05,-19.77,-7.1047,1.671,57.189,-12.787,27.103,-0.48925,-1.006,1.136,-0.050303,0.75732,-0.48713,0.43203
4.3846e+05,-21.973,1.7116,1.9902,32.942,-20.579,42.536,-0.39785,-0.99521,1.1249,-0.062088,0.75407,-0.49353,0.42889
4.3847e+05,-16.298,4.324,1.3019,67.102,-20.524,34.905,-0.38172,-1.0221,1.1415,-0.076736,0.75025,-0.49692,0.42931
4.3849e+05,-13.024,6.5063,0.98301,74.149,-14.053,23.574,-0.30645,-0.97376,1.1195,-0.090923,0.7462,-0.4985,0.43176
4.385e+05,-11.178,8.512,1.0336,102.61,-15.709,35.968,-0.34409,-1.0004,1.1136,-0.10833,0.74049,-0.49959,0.4363
4.3852e+05,-8.5959,10.679,0.35818,67.688,-13.124,57.928,-0.24194,-0.91973,1.0638,-0.1233,0.73312,-0.50455,0.43904
4.3854e+05,-6.563,9.9007,-0.29192,60.815,-1.4962,100.19,-0.22043,-0.94646,1.0636,-0.13835,0.72202,-0.51385,0.44216
4.3855e+05,-6.1129,10.998,-1.0596,64.112,6.0615,144.09,-0.17204,-0.95716,1.0635,-0.15575,0.70685,-0.5268,0.44563
4.3857e+05,-7.0593,11.365,-0.90875,43.169,7.1343,180.98,-0.080645,-0.89806,1.036,-0.17337,0.68944,-0.54363,0.44619
4.3858e+05,-7.6966,9.7172,-0.14847,26.89,2.7342,208.3,-0.053763,-0.86609,1.0475,-0.18994,0.67142,-0.56262,0.44336
4.386e+05,-7.5321,8.0007,-0.28447,-7.4996,3.4034,228.21,0.016129,-0.88179,1.0137,-0.2028,0.65363,-0.58361,0.43708
4.3861e+05,-7.7465,4.7333,-0.58435,-57.184,9.9923,252.32,0.12903,-0.68378,0.99878,-0.21051,0.63726,-0.60679,0.4259
4.3863e+05,-9.0449,0.30296,-0.31634,-49.685,4.2051,262.49,0.17204,-0.67872,1.0269,-0.21823,0.62062,-0.62959,0.41332
4.3864e+05,-10.831,-1.598,0.18896,9.9033,7.0974,263.24,0.27419,-0.61444,1.0163,-0.23046,0.6023,-0.64824,0.40486
4.3866e+05,-11.642,-1.7121,1.0351,62.297,-4.2898,256.25,0.3172,-0.56637,1.0224,-0.24713,0.58329,-0.66255,0.39965
4.3868e+05,-13.448,-1.4843,4.4892,64.533,9.8765,231.06,0.35484,-0.54476,1.0002,-0.26101,0.56509,-0.67557,0.39518
4.3869e+05,-19.083,-1.9739,6.3557,-7.097,0.19302,169.38,0.3871,-0.49608,0.94448,-0.26782,0.55469,-0.68805,0.38365
4.3871e+05,-13.336,-6.3407,7.3213,-68.554,-34.325,109.91,0.44624,-0.39459,0.95673,-0.26793,0.55407,-0.69759,0.36686
4.3872e+05,-8.6596,-12.078,7.6962,9.1224,1.4757,68.84,0.43011,-0.4,0.96229,-0.26702,0.55242,-0.7015,0.36253
4.3874e+05,-9.5758,-12.204,5.975,89.424,-29.842,-4.5389,0.43548,-0.45324,0.93929,-0.27144,0.55641,-0.69462,0.36638
4.3875e+05,-5.7834,-10.795,5.4125,40.936,-46.945,-74.53,0.39247,-0.44773,0.92249,-0.26997,0.5696,-0.68363,0.36788
4.3877e+05,-2.199,-12.313,3.4573,21.641,-41.875,-145.83,0.35484,-0.49045,0.91644,-0.2626,0.58939,-0.66766,0.37132
4.3879e+05,-0.73485,-12.019,3.5954,38.156,-34.591,-209.24,0.27419,-0.56542,0.92693,-0.25224,0.61328,-0.64539,0.37912
4.388e+05,-0.27582,-8.6492,2.4529,41.433,-30.406,-267.26,0.17742,-0.68255,0.8752,-0.23832,0.64073,-0.61707,0.38975
4.3882e+05,-0.28907,-4.869,0.020709,34.581,-19.162,-319.07,0.096774,-0.68778,0.86391,-0.21976,0.67023,-0.58344,0.40261
4.3883e+05,-0.99433,-4.0091,-0.086179,-39.485,4.2348,-356.54,-0.026882,-0.81594,0.84577,-0.19004,0.70065,-0.55092,0.41166
4.3885e+05,-1.9089,-4.9984,-0.85221,-71.829,13.581,-384.09,-0.075269,-0.83221,0.86808,-0.1551,0.73038,-0.51729,0.41821
4.3886e+05,-2.7608,-5.6548,-0.69861,-99.387,12.73,-406.4,-0.28495,-1.0194,0.87183,-0.11696,0.75842,-0.48348,0.42115
4.3888e+05,-4.2633,-4.6936,-0.75222,-95.862,-15.302,-414.05,-0.39785,-0.97123,0.86669,-0.081962,0.78514,-0.44792,0.41977
4.3889e+05,-4.7929,-4.6618,0.41148,-102.1,-25.837,-419.07,-0.60215,-1.0196,0.8943,-0.047268,0.81002,-0.41139,0.41519
4.3891e+05,-6.6378,-8.499,1.8004,-126.22,-35.518,-395.56,-0.8172,-1.0899,0.96663,-0.011668,0.83245,-0.37743,0.40551
4.3893e+05,-8.2503,-9.7947,5.3617,-169.65,-37.495,-339.57,-0.94624,-1.0792,0.96674,0.024909,0.85046,-0.35111,0.39092
4.3894e+05,-12.442,-12.864,6.8674,-143.33,-32.811,-270.96,-1.129,-1.0319,1.0515,0.054054,0.8641,-0.33007,0.37611
4.3896e+05,-10.162,-13.575,4.6542,-54.795,-36.133,-182.02,-1.2097,-1.0801,1.0622,0.067446,0.87326,-0.31444,0.36605
4.3897e+05,-3.2221,-13.738,4.722,20.661,3.8556,-89.942,-1.2796,-1.0645,1.1017,0.069743,0.8759,-0.30494,0.36735
4.3899e+05,-0.14096,-14.266,4.5427,67.835,35.519,-5.2625,-1.3656,-1.0322,1.0852,0.064259,0.87337,-0.30238,0.37639
4.39e+05,-1.5406,-12.529,1.3653,112.73,55.279,64.932,-1.3226,-1.0484,1.0963,0.04968,0.86675,-0.30613,0.39058
4.3902e+05,-4.2448,-9.1985,18.046,31.389,139.94,190.82,-1.2957,-1.0698,1.096,0.04122,0.8515,-0.32818,0.40688
4.3904e+05,-24.391,4.777,-5.7504,84.986,114.22,387.17,-1.2204,-1.0272,1.1133,0.009002,0.82565,-0.37122,0.42476
4.3905e+05,-8.8852,4.3024,3.5566,-259.33,85.158,203.79,-1.0161,-1.1125,1.09,0.026409,0.80707,-0.41339,0.42077
4.3907e+05,-5.415,-24.903,-4.1466,-180.68,104.95,239.77,-0.95699,-1.124,1.1685,0.043569,0.78665,-0.44923,0.42127
4.3908e+05,-0.84242,-25.048,14.886,211.95,96.114,163.24,-0.85484,-1.1357,1.2752,0.020703,0.7732,-0.45442,0.44186
4.391e+05,-15.201,-9.2806,14.08,155.09,43.897,137.7,-0.69892,-1.1403,1.1908,-0.0022623,0.76286,-0.46222,0.4521
4.3911e+05,-14.406,-3.8861,12.01,63.923,32.554,100.48,-0.65591,-1.1292,1.1516,-0.014692,0.75449,-0.47203,0.45576
4.3913e+05,-15.282,-13.803,11.384,-60.324,25.605,81.162,-0.54301,-1.0971,1.1576,-0.011777,0.74883,-0.48661,0.4498
4.3914e+05,-19.721,-13.391,8.4279,66.602,-1.2361,50.571,-0.47312,-1.0543,1.1524,-0.022591,0.74644,-0.4905,0.44914
4.3916e+05,-20.454,-7.643,6.0443,13.604,-7.06,41.003,-0.4086,-1.0384,1.1638,-0.029246,0.74441,-0.49709,0.44485
4.3918e+05,-21.706,-4.616,0.86931,32.553,-9.9747,35.856,-0.32796,-1.0437,1.1581,-0.039296,0.74199,-0.50239,0.44217
4.3919e+05,-21.787,-0.20841,0.27403,38.626,-10.922,34.165,-0.34409,-1.0221,1.1415,-0.050723,0.73891,-0.50734,0.44051
4.3921e+05,-18.514,3.9222,0.23963,86.157,-8.1738,31.348,-0.25269,-0.96836,1.1139,-0.067046,0.73488,-0.5089,0.44326
4.3922e+05,-14.515,8.0128,0.055461,95.92,-9.0316,25.395,-0.24731,-0.93093,1.1143,-0.084034,0.73038,-0.50902,0.44763
4.3924e+05,-11.058,10.413,0.089937,105.63,-17.906,33.031,-0.20968,-0.96825,1.1027,-0.10272,0.72514,-0.50899,0.45227
4.3925e+05,-8.3774,11.368,-0.066479,82.689,-22.392,64.209,-0.11828,-0.93543,1.03,-0.12103,0.71792,-0.513,0.45472
4.3927e+05,-6.4661,12.396,0.24003,46.98,-8.7025,114.44,-0.15054,-0.93025,1.0469,-0.13699,0.70662,-0.52394,0.45543
4.3929e+05,-6.7956,12.225,-0.066184,28.644,-2.1998,156.67,-0.048387,-0.89817,1.0472,-0.15356,0.69225,-0.53926,0.45432
4.393e+05,-6.8695,11.795,0.22998,20.348,-0.18499,188.39,-0.016129,-0.83395,1.0422,-0.17046,0.67593,-0.55685,0.45165
4.3932e+05,-6.7741,11.906,-0.98483,1.6203,5.0026,212.5,0.069892,-0.83384,1.031,-0.187,0.65804,-0.57559,0.44801
4.3933e+05,-7.1576,8.6484,-1.2622,-36.366,15.996,242.06,0.10753,-0.81245,1.0312,-0.19832,0.64011,-0.59714,0.44085
4.3935e+05,-9.2644,3.3084,-1.0837,-77.132,19.388,267.17,0.19355,-0.71103,1.0491,-0.20515,0.623,-0.6221,0.42753
4.3936e+05,-11.553,-1.3474,-1.2013,-35.076,10.79,272.78,0.24731,-0.63082,1.0499,-0.21535,0.60485,-0.64442,0.41534
4.3938e+05,-11.429,-3.7039,0.42698,46.258,-10.348,262.42,0.32258,-0.63605,1.0386,-0.23187,0.58628,-0.66021,0.40821
4.3939e+05,-11.539,-4.1403,2.4938,148.71,20.644,243.46,0.38172,-0.43242,0.99568,-0.25235,0.564,-0.66954,0.41223
4.3941e+05,-16.608,-0.22442,4.6148,146.02,12.606,198.25,0.42473,-0.43788,1.0069,-0.27205,0.54549,-0.67538,0.41508
4.3943e+05,-17.435,1.1794,6.0905,37.621,-18.26,138.23,0.45699,-0.42088,0.91152,-0.28265,0.53807,-0.68156,0.40752
4.3944e+05,-11.175,-5.0541,8.8739,-89.658,-4.6084,92.624,0.49462,-0.36786,0.957,-0.27783,0.53875,-0.6922,0.39168
4.3946e+05,-10.124,-12.887,6.6374,11.39,1.0998,35.714,0.46237,-0.36775,0.94576,-0.27591,0.54027,-0.69376,0.38817
4.3947e+05,-7.9456,-14.741,7.6647,28.911,-29.009,-39.011,0.45161,-0.35137,0.91222,-0.2739,0.54969,-0.68771,0.38714
4.3949e+05,-4.4659,-14.904,5.4449,32.423,-39.525,-119.61,0.39785,-0.41024,0.91725,-0.26839,0.56693,-0.67435,0.38962
4.395e+05,-1.5155,-13.613,3.668,52.803,-48.798,-201.74,0.32796,-0.51673,0.87124,-0.26056,0.59092,-0.65214,0.39702
4.3952e+05,0.09738,-12.053,2.9648,65.657,-43.051,-266.66,0.3172,-0.57004,0.85385,-0.24941,0.61903,-0.62289,0.40817
4.3954e+05,0.70897,-8.1691,1.7688,68.986,-35.217,-322.63,0.16129,-0.68739,0.82459,-0.23394,0.64954,-0.58765,0.42195
4.3955e+05,0.47372,-3.6459,0.42611,34.88,-15.923,-366.79,0.026882,-0.75066,0.73407,-0.21079,0.68068,-0.55009,0.43548
4.3957e+05,-0.53071,-2.6961,-0.42986,-59.738,10.751,-402.04,-0.091398,-0.78803,0.72807,-0.17496,0.71187,-0.51556,0.44366
4.3958e+05,-2.7544,-5.6208,-0.43315,-124.19,12.905,-428.39,-0.27957,-0.94343,0.76023,-0.13178,0.7426,-0.48256,0.44532
4.396e+05,-6.8923,-7.3564,0.70089,-130.08,-14.469,-447.01,-0.34946,-0.98621,0.7598,-0.090012,0.77315,-0.44695,0.44088
4.3961e+05,-7.0296,-6.9314,-0.47696,-87.168,-43.724,-453.27,-0.6129,-1.0561,0.79843,-0.054663,0.80159,-0.40673,0.43479
4.3963e+05,-8.0669,-7.2915,1.5693,-96.377,-53.667,-445.36,-0.84946,-1.1041,0.78109,-0.019862,0.82743,-0.36677,0.42479
4.3964e+05,-7.7242,-6.5008,2.1108,-115.71,-61.804,-405.24,-0.95699,-1.1153,0.83154,0.013155,0.84889,-0.33153,0.41146
4.3966e+05,-10.216,-9.6617,7.1747,-175.76,-44.429,-343.95,-1.1774,-1.0731,0.89376,0.05018,0.86541,-0.30479,0.39454
4.3968e+05,-12.973,-13.311,4.7251,-96.646,-47.217,-241.49,-1.2957,-1.0145,0.9112,0.071268,0.87726,-0.28466,0.37988
4.3969e+05,-6.4117,-7.5358,3.2702,-72,-18.819,-134.1,-1.3871,-1.0577,0.95572,0.081854,0.88132,-0.27651,0.37433
4.3971e+05,-1.6589,-16.874,5.2364,-38.601,22.745,-25.175,-1.4355,-0.9992,0.99001,0.08949,0.87987,-0.27661,0.37591
4.3972e+05,0.58697,-18.767,2.9266,56.973,38.689,60.475,-1.4892,-1.0315,1.0065,0.083151,0.87495,-0.2813,0.38525
4.3974e+05,-2.2983,-12.689,-0.42699,148.99,50.603,105.01,-1.4462,-0.98322,0.99579,0.060271,0.86762,-0.28792,0.40088
4.3975e+05,-2.3883,-3.5128,-2.3241,70.128,57.45,167.71,-1.4516,-1.1114,0.97765,0.040708,0.85517,-0.30727,0.41547
4.3977e+05,-8.8765,10.934,20.888,-81.698,164.19,278.22,-1.371,-1.085,1.0116,0.036482,0.83246,-0.34757,0.42997
4.3979e+05,-24.857,4.5194,17.11,-331.92,-0.85719,280.25,-1.2849,-1.139,1.0673,0.053316,0.81645,-0.40252,0.41053
4.398e+05,-4.047,-24.745,-8.7699,-174.73,128.6,166.51,-1.1183,-1.1404,1.2077,0.076381,0.79773,-0.4289,0.41695
4.3982e+05,-10.459,-24.976,-1.9206,147.86,78.01,218.61,-0.99462,-1.1203,1.3371,0.055042,0.78279,-0.44377,0.43275
4.3983e+05,-14.29,-3.7642,14.566,201.21,6.0049,188.42,-0.94086,-1.1247,1.2416,0.020293,0.77212,-0.45492,0.44324
4.3985e+05,-8.9719,-13.189,13.622,-180.49,34.632,140.87,-0.83333,-1.1404,1.2021,0.033316,0.76115,-0.48238,0.43226
4.3986e+05,-9.6943,-24.798,7.9563,84.881,20.403,70.372,-0.76882,-1.1565,1.2075,0.024295,0.75721,-0.48571,0.43603
4.3988e+05,-20.554,-12.058,9.6257,96.036,28.187,51.76,-0.67742,-1.1352,1.2246,0.011514,0.75315,-0.48822,0.44077
4.3989e+05,-22.006,-4.7153,8.0581,69.67,3.4541,38.718,-0.55376,-1.0335,1.2088,-0.001113,0.75053,-0.4915,0.44174
4.3991e+05,-18.881,-5.6074,5.2732,-70.302,31.101,38.896,-0.51613,-1.0924,1.2138,0.0028176,0.74593,-0.50304,0.4365
4.3993e+05,-20.489,-6.044,-1.4581,143.13,-11.491,20.474,-0.44624,-1.0391,1.2368,-0.018067,0.74453,-0.50004,0.44193
4.3994e+05,-17.981,4.5727,0.3599,52.355,-6.7673,36.522,-0.41398,-1.0334,1.1975,-0.031462,0.74051,-0.50437,0.44302
4.3996e+05,-15.204,6.7363,0.19243,102.19,-17.698,25.108,-0.36559,-1.0012,1.1866,-0.04991,0.73718,-0.50425,0.447
4.3997e+05,-12.217,8.7636,0.44739,81.107,-18.288,24.009,-0.2957,-0.9687,1.1476,-0.065962,0.73363,-0.50505,0.44985
4.3999e+05,-8.4293,10.673,-0.13419,85.801,-18.485,46.381,-0.31183,-0.94748,1.1647,-0.083362,0.72783,-0.50745,0.45366
4.4e+05,-5.6338,11.86,-1.3474,83.824,-13.23,78.351,-0.25269,-0.90436,1.1314,-0.10188,0.71889,-0.51264,0.45828
4.4002e+05,-4.5861,14.131,-0.65154,45.192,3.5771,135.54,-0.2043,-0.88275,1.1092,-0.11878,0.70513,-0.52559,0.4609
4.4004e+05,-5.676,13.021,-0.42053,-14.305,12.331,191.45,-0.16129,-0.8666,1.0981,-0.13239,0.68784,-0.54706,0.45834
4.4005e+05,-6.5224,9.6522,0.21202,-31.033,19.419,232.03,-0.11828,-0.88297,1.1316,-0.14518,0.66798,-0.5721,0.45324
4.4007e+05,-7.3356,8.268,-1.2075,-20.224,25.041,255.98,0.026882,-0.82928,1.1097,-0.16058,0.64621,-0.59601,0.44877
4.4008e+05,-8.9363,5.8811,-0.70525,-58.175,34.711,279.42,0.12903,-0.74367,1.1049,-0.17212,0.62472,-0.62201,0.43955
4.401e+05,-11.069,1.1651,-0.74964,-56.606,40.097,297.27,0.17204,-0.70613,1.0941,-0.18193,0.60215,-0.64858,0.42857
4.4011e+05,-13.522,-2.2092,0.083654,-13.532,35.24,293.7,0.30645,-0.62609,1.1117,-0.19451,0.5793,-0.67154,0.41906
4.4013e+05,-14.806,-4.3765,4.5552,64.482,11.004,268.85,0.33871,-0.54572,1.0957,-0.21258,0.55707,-0.68789,0.41386
4.4014e+05,-17.87,-4.0107,5.1547,99.121,43.259,235.18,0.39247,-0.48093,1.0345,-0.22845,0.53444,-0.70043,0.41423
4.4016e+05,-20.285,-1.3288,4.061,37.746,-1.9775,164.37,0.3871,-0.41705,1.0632,-0.24083,0.52225,-0.70959,0.40711
4.4018e+05,-12.125,-5.3821,4.1382,36.442,-10.41,101.73,0.47312,-0.38981,1.013,-0.24679,0.51769,-0.71319,0.40304
4.4019e+05,-9.6298,-10.02,6.9842,59.208,-0.069333,32.922,0.47312,-0.39482,0.9792,-0.24862,0.51809,-0.71159,0.40424
4.4021e+05,-8.2834,-11.834,6.835,30.286,-23.334,-49.704,0.45699,-0.43202,0.95635,-0.24577,0.52866,-0.70487,0.40407
4.4022e+05,-5.3274,-13.77,4.5801,32.855,-38.227,-129.92,0.36559,-0.48009,0.95026,-0.23952,0.54741,-0.69118,0.40649
4.4024e+05,-3.1613,-13.798,4.722,27.926,-48.456,-210.24,0.38172,-0.50666,0.93314,-0.22923,0.57402,-0.67052,0.41031
4.4025e+05,-2.5417,-11.694,2.207,63.708,-54.521,-276.96,0.26344,-0.6723,0.92024,-0.21796,0.60489,-0.64097,0.41923
4.4027e+05,-1.521,-7.7142,0.38958,63.259,-51.522,-329.29,0.1129,-0.72555,0.89724,-0.20282,0.6383,-0.60556,0.42982
4.4029e+05,-1.3743,-3.1033,-2.0207,35.797,-32.101,-369.29,0.016129,-0.83761,0.87365,-0.18102,0.67166,-0.56719,0.44091
4.403e+05,-2.0967,-2.4607,-2.3709,-79.944,-13.314,-404.02,-0.10215,-0.93364,0.85021,-0.14543,0.70537,-0.53322,0.44383
4.4032e+05,-3.7588,-6.4728,-1.5963,-147.26,-15.59,-426.85,-0.23118,-0.97129,0.87231,-0.10273,0.73877,-0.50097,0.43896
4.4033e+05,-6.1017,-7.5534,-1.9799,-98.798,-40.455,-444.07,-0.47312,-1.0092,0.92249,-0.066627,0.77035,-0.46316,0.43313
4.4035e+05,-4.7738,-5.0689,-1.5442,-77.651,-56.027,-445.4,-0.55914,-1.1264,0.87638,-0.034801,0.79884,-0.42331,0.42598
4.4036e+05,-4.9846,-5.3557,0.10142,-103.73,-47.095,-432.04,-0.80108,-1.1218,0.94946,-0.00088097,0.82344,-0.38528,0.41654
4.4038e+05,-8.7781,-8.5916,4.0432,-192.84,-55.958,-390.38,-1.0323,-1.1278,1.0168,0.039599,0.84483,-0.35545,0.39794
4.4039e+05,-12.073,-16.962,7.3361,-111.22,-59.487,-327.06,-1.1452,-1.1067,1.0395,0.067948,0.86288,-0.32612,0.3801
4.4041e+05,-8.5164,-13.175,5.3012,36.185,-60.536,-240.16,-1.2957,-0.99459,1.0631,0.072301,0.87625,-0.29916,0.37076
4.4043e+05,-4.653,-7.8978,7.0793,-3.1057,-15.511,-121.42,-1.414,-1.0695,1.068,0.075061,0.8807,-0.28844,0.36814
4.4044e+05,-0.27307,-13.36,4.0685,-21.883,22.719,-1.9361,-1.4785,-0.96239,1.0522,0.078393,0.87761,-0.29105,0.37274
4.4046e+05,0.27899,-19.325,2.3397,62.859,55.024,93.913,-1.5,-1.0695,1.068,0.071286,0.87035,-0.29907,0.38466
4.4047e+05,-2.8361,-15.211,1.2171,176.32,55.898,134.54,-1.457,-1.0375,1.0795,0.046298,0.86199,-0.30689,0.40081
4.4049e+05,-2.4911,-0.23196,-0.027231,137.69,44.031,159.09,-1.3978,-1.0689,1.0062,0.018835,0.8504,-0.32177,0.41585
4.405e+05,-7.0315,11.892,24.543,-84.804,145.78,242.16,-1.3656,-1.1113,0.97203,0.017481,0.83,-0.35858,0.42687
4.4052e+05,-24.909,6.1229,18.896,-385.27,54.993,313.34,-1.1935,-1.1497,1.0672,0.041434,0.80877,-0.41984,0.40976
4.4054e+05,-5.2225,-24.761,-14.444,-131.03,149.36,169.72,-1.0591,-1.1781,1.2354,0.061659,0.78824,-0.44351,0.4221
4.4055e+05,-3.4345,-24.99,6.5109,154.57,79.211,211.43,-0.98925,-1.1466,1.2919,0.041021,0.77286,-0.4569,0.43846
4.4057e+05,-16.248,-5.4423,12.132,126.77,36.652,190.76,-0.86022,-1.1775,1.1736,0.016265,0.75928,-0.47236,0.44734
4.4058e+05,-9.0444,-16.162,15.724,-126.31,40.163,141.23,-0.7957,-1.1401,1.1796,0.024329,0.74828,-0.49627,0.43953
4.406e+05,-10.214,-23.548,8.0238,157.24,34.507,61.573,-0.67204,-1.1136,1.1967,0.0092066,0.74408,-0.49422,0.44945
4.4061e+05,-20.999,-9.1509,11.168,65.585,25.585,53.983,-0.62903,-1.1135,1.1855,-0.00092058,0.73957,-0.49883,0.4519
4.4063e+05,-20.319,-7.095,7.4728,80.159,-2.5537,34.881,-0.54301,-1.1239,1.1629,-0.013723,0.73756,-0.50077,0.45282
4.4064e+05,-18.75,-6.2507,5.0994,-54.015,25.358,39.116,-0.51613,-1.0597,1.1523,-0.011435,0.73341,-0.51137,0.44775
4.4066e+05,-22.088,-5.8929,0.12983,119.96,-0.20382,27.162,-0.44624,-0.99577,1.1811,-0.028994,0.7309,-0.51026,0.4523
4.4068e+05,-19.085,3.9756,1.6441,56.242,4.3056,46.607,-0.37634,-0.96875,1.1532,-0.042175,0.72573,-0.51514,0.45405
4.4069e+05,-15.479,5.95,1.7119,87.011,-3.4677,28.342,-0.35484,-1.0488,1.1412,-0.057476,0.7216,-0.51618,0.45776
4.4071e+05,-12.9,5.921,1.0989,84.138,-8.4426,20.144,-0.28495,-0.95237,1.1197,-0.071958,0.71823,-0.51616,0.46103
4.4072e+05,-10.617,8.4904,1.3161,103.1,-14.058,32.291,-0.25269,-0.96279,1.0915,-0.089251,0.71366,-0.51596,0.46531
4.4074e+05,-9.0188,10.766,-0.2235,72.731,-16.173,57.878,-0.23118,-0.97326,1.0689,-0.10538,0.70701,-0.52001,0.46757
4.4075e+05,-6.4526,11.619,-1.2495,63.369,-4.1993,106.67,-0.1828,-0.92508,1.0638,-0.12255,0.69582,-0.52885,0.47025
4.4077e+05,-6.223,13.123,-1.437,50.257,2.1401,154.79,-0.14516,-0.87667,1.0362,-0.14101,0.68065,-0.54253,0.47169
4.4079e+05,-6.8999,14.04,-1.1816,28.644,5.4074,196.19,-0.048387,-0.84481,1.059,-0.16029,0.66271,-0.56024,0.47037
4.408e+05,-7.5547,11.58,-0.9477,-14.289,6.324,226.5,0.010753,-0.82315,1.0311,-0.17633,0.64424,-0.58181,0.46407
4.4082e+05,-7.9686,7.1859,-0.94759,-48.943,21.02,252.25,0.032258,-0.75881,1.0149,-0.18695,0.62525,-0.60614,0.45465
4.4083e+05,-10.113,2.4701,-1.0282,-72.924,22.33,271.41,0.16129,-0.7269,1.0321,-0.1951,0.60692,-0.63165,0.44113
4.4085e+05,-12.225,-1.3775,-0.087836,-17.976,14.847,272.04,0.22043,-0.66814,1.0383,-0.20721,0.58758,-0.65325,0.43022
4.4086e+05,-12.776,-4.0226,0.45852,74.102,4.1699,253.1,0.24731,-0.57701,1.0167,-0.22522,0.56765,-0.66719,0.42649
4.4088e+05,-16.414,-3.9171,4.5678,138.31,12.458,234.47,0.33871,-0.52883,1.0116,-0.24666,0.5461,-0.67665,0.42789
4.4089e+05,-19.41,-0.16374,6.7199,69.126,-4.8047,173.75,0.39247,-0.47992,0.9334,-0.26147,0.53296,-0.68475,0.42272
4.4091e+05,-14.22,-2.4847,7.4233,6.085,-28.087,112.97,0.42473,-0.44795,0.94496,-0.26815,0.52942,-0.69073,0.41315
4.4093e+05,-10.031,-7.9604,6.7357,17.942,-8.8932,59.207,0.39785,-0.4318,0.93388,-0.26938,0.5293,-0.69288,0.40889
4.4094e+05,-8.9795,-11.754,6.6601,36.24,-39.324,-14.926,0.38172,-0.44745,0.8944,-0.27022,0.53701,-0.68771,0.40702
4.4096e+05,-4.8301,-13.916,5.0896,36.46,-47.722,-84.136,0.36022,-0.50075,0.87701,-0.26745,0.5515,-0.67663,0.40804
4.4097e+05,-2.4787,-13.236,4.0477,61.06,-49.265,-153.5,0.3172,-0.5702,0.8707,-0.2625,0.57121,-0.65821,0.41421
4.4099e+05,-1.0073,-9.9663,2.9385,66.166,-48.235,-218.58,0.27957,-0.59109,0.81993,-0.25397,0.59594,-0.63331,0.42341
4.41e+05,0.26495,-6.9162,2.8612,29.919,-37.172,-277.71,0.14516,-0.69246,0.79645,-0.23748,0.62502,-0.60515,0.43215
4.4102e+05,-0.077977,-4.0239,1.0915,1.9203,-19.382,-328,0.010753,-0.78324,0.7843,-0.21367,0.65578,-0.57415,0.44119
4.4104e+05,-1.1611,-2.7473,0.39465,-60.888,-2.0297,-361.18,-0.064516,-0.88461,0.76082,-0.18099,0.68696,-0.54413,0.44638
4.4105e+05,-2.7205,-4.837,0.49069,-119.97,5.8909,-391.27,-0.23118,-0.94883,0.76579,-0.14103,0.71785,-0.51525,0.44645
4.4107e+05,-4.1177,-8.0378,-0.33842,-123.44,-3.4269,-421.27,-0.30645,-1.0131,0.77077,-0.099832,0.7485,-0.48252,0.4438
4.4108e+05,-5.9482,-7.3203,0.46972,-89.286,-37.186,-434.97,-0.49462,-1.0941,0.85423,-0.064733,0.77825,-0.4452,0.43811
4.411e+05,-3.9253,-3.3049,-1.4819,-51.987,-24.587,-439.74,-0.76882,-1.1315,0.85385,-0.033585,0.80293,-0.4047,0.43634
4.4111e+05,-7.9416,-5.4734,4.0345,-209.78,-20.268,-417.65,-0.90323,-1.1479,0.8874,0.012937,0.82539,-0.37474,0.42206
4.4113e+05,-12.03,-13.202,4.5067,-166.2,-41.47,-358.15,-1.129,-1.1811,0.99942,0.050283,0.84469,-0.34674,0.40465
4.4114e+05,-10.764,-15.437,8.5814,-132.26,-36.913,-286.06,-1.2097,-1.1816,1.0444,0.079716,0.85908,-0.32356,0.38849
4.4116e+05,-8.7444,-15.205,5.6641,21.914,-32.998,-179.6,-1.3871,-1.1237,1.1404,0.08454,0.8689,-0.30403,0.38136
4.4118e+05,-2.4132,-13.447,5.6968,81.641,19.871,-74.531,-1.4247,-1.0645,1.1017,0.078937,0.87097,-0.29303,0.3864
4.4119e+05,1.0031,-15.892,3.574,71.146,44.804,16.338,-1.5161,-1.0537,1.0962,0.072741,0.86734,-0.29213,0.39634
4.4121e+05,-1.8365,-18.327,-2.0209,191.73,60.829,73.923,-1.4677,-1.0431,1.1019,0.050964,0.8614,-0.29073,0.41337
4.4122e+05,-5.6146,-1.9118,13.611,147.43,136.67,202.03,-1.4516,-1.1119,1.0282,0.024618,0.84597,-0.30869,0.43409
4.4124e+05,-24.668,23.203,-1.111,-140.46,46.908,403.59,-1.3065,-1.1815,1.0331,0.013572,0.82281,-0.36684,0.43385
4.4125e+05,-0.92221,-16.68,15.896,-448.96,130.03,222.99,-1.2151,-1.1924,1.0555,0.059716,0.80182,-0.41827,0.42257
4.4127e+05,-8.4339,-24.906,-5.6105,-25.096,64.184,244.3,-1.1022,-1.2588,1.2852,0.0562,0.78425,-0.44583,0.42781
4.4129e+05,-9.5583,-20.346,6.7612,342.08,89.479,175.4,-0.94624,-1.2205,1.1957,0.016472,0.77104,-0.44506,0.45513
4.413e+05,-13.856,-4.6792,11.381,140.58,49.323,141.56,-0.90323,-1.2575,1.1503,-0.0055965,0.75949,-0.45448,0.46539
4.4132e+05,-7.4316,-6.6543,11.654,-64.463,35.823,120.58,-0.73656,-1.2463,1.1055,-0.0043922,0.74986,-0.47383,0.4617
4.4133e+05,-14.685,-18.568,11.595,-29.553,23.438,73.905,-0.7043,-1.2304,1.1113,-0.00337,0.74499,-0.48554,0.45741
4.4135e+05,-18.725,-12.268,9.2563,102.85,-1.6116,51.726,-0.6129,-1.1771,1.1343,-0.017913,0.7424,-0.48738,0.45933
4.4136e+05,-18.827,-4.2983,6.1302,8.3297,-5.4121,43.205,-0.54839,-1.1557,1.1345,-0.024303,0.73967,-0.49488,0.45541
4.4138e+05,-19.657,-7.5977,2.3058,21.518,-12.627,34.39,-0.49462,-1.1023,1.135,-0.031793,0.738,-0.50046,0.45153
4.4139e+05,-21.028,-1.8433,2.3255,73.175,-20.409,41.405,-0.47312,-1.0859,1.1071,-0.046747,0.73522,-0.50396,0.45087
4.4141e+05,-17.116,4.4573,1.7891,74.716,-19.828,40.371,-0.41935,-1.0432,1.1132,-0.062378,0.73141,-0.50719,0.45156
4.4143e+05,-14.427,6.6002,1.1627,76.937,-15.473,33.599,-0.36559,-1.0376,1.0851,-0.077427,0.72718,-0.50949,0.45347
4.4144e+05,-11.9,7.598,0.24614,101.88,-14.689,37.671,-0.33333,-1.016,1.0629,-0.094799,0.72184,-0.51043,0.45764
4.4146e+05,-8.745,9.5964,1.129,86.143,-10.55,58.398,-0.26344,-0.99954,1.0237,-0.11103,0.7147,-0.5141,0.46107
4.4147e+05,-7.4949,10.821,0.65977,82.129,0.43589,99.012,-0.23656,-0.97286,1.0296,-0.12829,0.70374,-0.52172,0.46485
4.4149e+05,-7.1834,12.662,-0.17413,58.182,7.0859,143.76,-0.16667,-0.92969,0.9907,-0.1458,0.68909,-0.53474,0.46686
4.415e+05,-6.2601,11.614,-0.6332,39.661,7.514,180.11,-0.086022,-0.88675,0.97428,-0.16315,0.67225,-0.55112,0.46661
4.4152e+05,-6.8607,10.169,-0.60547,19.992,12.04,212.05,-0.069892,-0.88129,0.9631,-0.17907,0.65358,-0.57061,0.46386
4.4154e+05,-8.0521,8.1967,-0.89012,-10.591,13.028,240.64,0.021505,-0.79033,0.95839,-0.1932,0.63461,-0.59243,0.45713
4.4155e+05,-9.4369,3.9238,-0.5973,-47.61,12.965,266.86,0.13441,-0.78532,0.99215,-0.20374,0.61644,-0.61671,0.44516
4.4157e+05,-10.73,0.67323,-0.0041775,-0.65339,6.3145,272.38,0.15054,-0.74761,0.96443,-0.21745,0.59706,-0.6376,0.43554
4.4158e+05,-12.028,-0.39878,1.0203,52.227,5.7154,262.64,0.24731,-0.67264,0.95395,-0.23433,0.57732,-0.65353,0.42976
4.416e+05,-13.5,-1.934,4.2914,96.434,4.0036,249.13,0.3172,-0.60842,0.94897,-0.2534,0.55695,-0.66589,0.42683
4.4161e+05,-18.01,-0.60204,5.6091,40.139,16.816,205.6,0.36022,-0.58124,0.9043,-0.26505,0.54104,-0.67875,0.41991
4.4163e+05,-17.444,-1.4855,5.4974,-34.597,-20.367,144.38,0.40323,-0.4793,0.87161,-0.27045,0.53559,-0.68961,0.40551
4.4164e+05,-10.112,-7.7019,6.4243,-15.831,-16.665,97.715,0.42473,-0.52737,0.86551,-0.27181,0.53358,-0.69585,0.39649
4.4166e+05,-10.002,-12.315,8.0539,15.831,-9.0119,33.182,0.45699,-0.50593,0.86011,-0.271,0.53579,-0.69645,0.39299
4.4168e+05,-8.6457,-13.493,5.2967,32.451,-40.626,-45.638,0.40323,-0.52191,0.85433,-0.26978,0.54647,-0.68899,0.39228
4.4169e+05,-3.8436,-13.49,3.7423,37.97,-44.217,-118.75,0.36022,-0.52715,0.84304,-0.26499,0.56375,-0.67491,0.39555
4.4171e+05,-1.4258,-12.543,2.8603,49.195,-36.125,-192.26,0.36022,-0.62334,0.83646,-0.25613,0.58643,-0.65396,0.40353
4.4172e+05,-1.1628,-9.7896,2.1917,35.56,-30.567,-257.52,0.22581,-0.70844,0.79067,-0.24152,0.61411,-0.62775,0.41287
4.4174e+05,-0.7595,-6.4122,0.21744,24.707,-23.72,-312.78,0.14516,-0.82602,0.78387,-0.22176,0.64482,-0.59633,0.42358
4.4175e+05,-0.66465,-3.4522,-1.7882,-2.6752,-6.0523,-352.11,0.080645,-0.85276,0.78361,-0.19546,0.6761,-0.56207,0.43446
4.4177e+05,-1.3465,-2.4271,-2.5438,-73.427,12.355,-378.61,-0.096774,-0.96989,0.73187,-0.15978,0.706,-0.53064,0.44097
4.4179e+05,-2.5164,-5.1911,-1.7036,-143.24,7.7614,-405.43,-0.19355,-1.0503,0.75354,-0.11675,0.73641,-0.5008,0.43962
4.418e+05,-5.2576,-8.4945,-2.1496,-136.17,-15.776,-424.39,-0.43011,-1.0723,0.81512,-0.075624,0.76616,-0.46765,0.43426
4.4182e+05,-4.8377,-6.1747,-3.2186,-65.664,-51.171,-431.48,-0.51075,-1.1265,0.88761,-0.045085,0.79383,-0.42857,0.4291
4.4183e+05,-6.5843,-5.0454,1.6186,-150.78,-59.298,-429.3,-0.81183,-1.1692,0.88157,-0.0069274,0.81997,-0.39395,0.4152
4.4185e+05,-8.9648,-10.65,3.5629,-154.83,-69.762,-385.62,-0.98925,-1.1647,0.96026,0.028921,0.84271,-0.36242,0.39706
4.4186e+05,-9.2402,-13.55,7.9408,-175.95,-60.604,-314.51,-1.1505,-1.1276,0.99434,0.063631,0.85973,-0.33841,0.37723
4.4188e+05,-10.503,-16.197,5.5523,-54.531,-54.404,-220.69,-1.3172,-1.0587,1.0568,0.078855,0.87192,-0.31798,0.36391
4.4189e+05,-4.9131,-15.087,5.0048,30.413,-18.132,-124.93,-1.3548,-1.0485,1.1019,0.080547,0.87763,-0.30396,0.36177
4.4191e+05,-0.46145,-17.307,4.6175,83.341,10.864,-25.644,-1.4247,-1.0803,1.0791,0.074156,0.87771,-0.29798,0.36787
4.4193e+05,-0.53906,-15.65,2.2477,151.65,40.988,38.358,-1.4355,-1.117,1.0001,0.057366,0.87353,-0.2962,0.382
4.4194e+05,-1.8375,-11.647,5.5278,146.14,83.941,122.3,-1.4624,-1.1007,0.98337,0.037027,0.86364,-0.30491,0.39973
4.4196e+05,-23.955,5.769,-8.1698,202.04,201.77,363.95,-1.3602,-1.1912,0.94314,-0.0036686,0.83542,-0.33863,0.43288
4.4197e+05,-20.157,20.321,-4.6972,-189.37,-59.316,209.26,-1.2688,-1.1484,0.93234,-0.0023035,0.82657,-0.37747,0.41749
4.4199e+05,-6.488,-24.865,-2.928,-407.78,113.05,214.67,-1.1559,-1.1814,1.0275,0.04271,0.80797,-0.42397,0.40696
4.42e+05,-1.7769,-25.024,11.599,232.46,47.832,179.12,-1,-1.1878,1.1342,0.014038,0.79664,-0.43099,0.42358
4.4202e+05,-14.356,-9.3459,4.3774,162.05,48.446,168.21,-0.93548,-1.23,1.0776,-0.011504,0.7836,-0.44309,0.43532
4.4204e+05,-11.55,-7.7368,8.4698,85.34,34.995,120.4,-0.7957,-1.261,0.97054,-0.025854,0.77374,-0.4543,0.44075
4.4205e+05,-11.895,-9.8458,10.493,-61.966,46.344,92.424,-0.79032,-1.1703,0.98268,-0.02148,0.76555,-0.47083,0.43793
4.4207e+05,-19.017,-17.212,5.8305,59.445,9.2396,58.231,-0.66667,-1.1174,1.045,-0.029963,0.76206,-0.47616,0.43777
4.4208e+05,-18.052,-7.1017,5.5316,56.151,7.0502,49.108,-0.60215,-1.1175,1.0506,-0.039778,0.75799,-0.48152,0.43818
4.421e+05,-19.391,-6.712,3.0281,9.1542,1.2142,34.761,-0.54839,-1.1225,1.0225,-0.044706,0.75514,-0.48839,0.43502
4.4211e+05,-20.605,-3.5667,0.69804,87.415,-13.232,41.244,-0.42473,-1.0799,1.0341,-0.060426,0.75157,-0.49143,0.43589
4.4213e+05,-18.04,2.6302,1.87,63.383,-17.22,42.856,-0.4086,-1.0476,1.0176,-0.074465,0.74738,-0.49608,0.43565
4.4214e+05,-14.818,5.4169,2.0265,82.731,-17.098,34.151,-0.34409,-1.0318,1.0402,-0.089903,0.74304,-0.49845,0.43746
4.4216e+05,-12.835,7.7688,0.52765,76.571,-17.827,41.107,-0.33333,-1.0207,1.001,-0.10518,0.73753,-0.50182,0.43951
4.4218e+05,-10.57,9.3913,0.30147,83.434,-19.971,55.291,-0.27957,-1.047,0.96144,-0.12184,0.73056,-0.50599,0.44205
4.4219e+05,-8.3588,11.813,0.58876,61.288,-13.494,89.656,-0.22581,-0.99864,0.93383,-0.13763,0.72076,-0.51461,0.44356
4.4221e+05,-7.4435,13.575,-0.27604,46.523,-4.7738,137.64,-0.19355,-0.94523,0.93999,-0.15421,0.70678,-0.52834,0.44446
4.4222e+05,-7.2542,13.011,0.17805,17.381,2.1251,185.94,-0.12366,-0.89727,0.95732,-0.16988,0.68961,-0.54754,0.44247
4.4224e+05,-8.1504,12.589,0.02029,12.222,0.22162,224.15,-0.05914,-0.87054,0.95759,-0.18733,0.6698,-0.56917,0.43855
4.4225e+05,-8.9803,11.331,-0.62709,-31.513,5.5091,252.19,0.0053763,-0.88106,0.94063,-0.20142,0.64887,-0.594,0.43076
4.4227e+05,-9.6339,6.9595,-0.70144,-76.751,9.0122,275.15,0.091398,-0.80103,0.95828,-0.20999,0.62975,-0.62031,0.41777
4.4229e+05,-11.264,0.40811,-0.85555,-69.389,7.3428,288.98,0.17204,-0.73681,0.95331,-0.21752,0.61081,-0.64599,0.40286
4.423e+05,-13.02,-2.5248,0.43492,7.915,5.5576,282.8,0.27419,-0.58208,0.98856,-0.23086,0.59033,-0.66623,0.39288
4.4232e+05,-14.901,-2.5568,2.97,63.247,0.86188,256.63,0.30645,-0.60319,0.96026,-0.24709,0.57015,-0.68116,0.38717
4.4233e+05,-19.149,-3.0868,5.3801,54.238,14.832,207.34,0.3871,-0.54392,0.91591,-0.25922,0.55334,-0.6936,0.3815
4.4235e+05,-15.787,-3.1993,7.7981,-6.9185,-21.11,139.3,0.37634,-0.53812,0.87102,-0.26474,0.54702,-0.70239,0.37058
4.4236e+05,-9.0316,-6.2715,5.9193,50.677,9.9814,73.79,0.41935,-0.44221,0.90569,-0.26672,0.54337,-0.70399,0.3715
4.4238e+05,-9.7362,-8.0709,7.1111,57.702,-12.001,1.639,0.39785,-0.46855,0.8661,-0.26755,0.54731,-0.69946,0.37365
4.4239e+05,-6.5382,-10.702,6.3577,6.4895,-23.967,-71.122,0.3871,-0.45218,0.83256,-0.26158,0.56047,-0.69153,0.37315
4.4241e+05,-3.3088,-14.359,4.5462,17.091,-30.806,-142.52,0.31183,-0.53221,0.8149,-0.25286,0.57977,-0.67702,0.37627
4.4243e+05,-1.7884,-13.178,3.8383,57.256,-29.81,-208.08,0.26882,-0.64974,0.80249,-0.24352,0.60303,-0.65443,0.38571
4.4244e+05,-0.95643,-8.4814,2.0622,61.785,-36.41,-267.15,0.19892,-0.67056,0.7461,-0.23174,0.63072,-0.62503,0.39728
4.4246e+05,0.55573,-3.8913,0.66544,18.723,-21.921,-318.28,0.16667,-0.75606,0.73963,-0.21192,0.66157,-0.59227,0.4082
4.4247e+05,-0.23071,-1.1187,-0.55566,-46.615,2.406,-357.95,-0.048387,-0.82507,0.68838,-0.18152,0.6924,-0.56026,0.41682
4.4249e+05,-2.0506,-3.4293,0.63195,-154.72,12.527,-389.68,-0.19355,-0.93747,0.69849,-0.13889,0.72407,-0.53237,0.41595
4.425e+05,-4.7352,-7.3959,-0.50685,-175.04,0.15767,-417.79,-0.29032,-1.0019,0.72032,-0.094157,0.75549,-0.50195,0.41039
4.4252e+05,-7.3114,-8.8057,0.091841,-142.07,-46.057,-435.1,-0.55914,-1.1256,0.79212,-0.055982,0.78677,-0.46657,0.40021
4.4254e+05,-4.796,-9.6032,-0.57773,-69.846,-65.002,-441.91,-0.6129,-1.1313,0.83138,-0.02613,0.81555,-0.42478,0.39213
4.4255e+05,-5.4873,-9.4099,1.3571,-78.08,-54.077,-428.96,-0.89247,-1.1907,0.88697,0.0038966,0.84014,-0.38395,0.38305
4.4257e+05,-8.6183,-11.432,4.1007,-142.87,-53.306,-376.44,-1.1559,-1.1539,0.95475,0.037825,0.86016,-0.35119,0.3679
4.4258e+05,-10.607,-14.026,6.6211,-112.75,-32.744,-290.68,-1.1989,-1.1328,0.97744,0.064194,0.87407,-0.3256,0.35477
4.426e+05,-9.6866,-15.418,2.8815,-54.395,-31.445,-176.27,-1.3925,-1.1493,1.0278,0.077502,0.882,-0.31013,0.34625
4.4261e+05,-3.9705,-16.001,7.1256,44.563,5.3564,-59.177,-1.3978,-1.0853,1.0397,0.075885,0.8837,-0.30279,0.34876
4.4263e+05,-0.68339,-15.222,3.2265,57.472,27.366,30.483,-1.4946,-1.1011,1.0227,0.0698,0.87949,-0.3052,0.35844
4.4264e+05,0.91396,-16.766,-0.56816,84.778,65.672,104.35,-1.4946,-1.0904,1.0172,0.059945,0.86998,-0.31385,0.37556
4.4266e+05,-8.1979,-6.6788,4.803,129.01,157.66,239.21,-1.4301,-1.1387,1.0336,0.035463,0.85061,-0.33794,0.40125
4.4268e+05,-24.641,18.173,-0.52251,-1.8397,-17.298,319.49,-1.2796,-1.1491,1.0054,0.01182,0.83444,-0.37868,0.40021
4.4269e+05,-4.5832,-12.751,13.248,-369.5,106.93,220.04,-1.2097,-1.1918,0.99932,0.049027,0.81509,-0.42488,0.39078
4.4271e+05,-8.1324,-24.915,-4.4148,39.509,38.989,227.88,-1.043,-1.2149,1.1676,0.039589,0.79999,-0.44793,0.39726
4.4272e+05,-8.7078,-17.325,6.7035,180.22,79.011,180.1,-0.98925,-1.204,1.1453,0.016616,0.78547,-0.459,0.41483
4.4274e+05,-11.524,-10.763,9.8856,119.03,53.955,136.63,-0.85484,-1.1602,1.0502,-0.00052668,0.77391,-0.46947,0.42505
4.4275e+05,-8.2601,-8.8552,11.407,-28.846,38.74,106.68,-0.78495,-1.2458,1.0493,-0.00087368,0.76459,-0.48509,0.42437
4.4277e+05,-16.078,-14.437,9.3214,29.987,17.493,73.991,-0.6828,-1.1763,1.0557,-0.0069838,0.75925,-0.49376,0.4239
4.4279e+05,-18.426,-9.4405,7.3358,47.337,1.1412,55.945,-0.62903,-1.1604,1.067,-0.016451,0.75537,-0.50009,0.42315
4.428e+05,-18.982,-7.3577,4.592,18.301,-6.3088,46.746,-0.55914,-1.1336,1.0617,-0.023651,0.75211,-0.50732,0.41999
4.4282e+05,-20.072,-6.8081,2.2011,45.258,-16.353,46.626,-0.46774,-1.0852,1.0341,-0.03491,0.74903,-0.51304,0.41776
4.4283e+05,-18.248,-0.62812,3.1004,56.105,-19.012,44.083,-0.38172,-1.0211,1.0404,-0.048363,0.7454,-0.51789,0.41693
4.4285e+05,-15.897,3.0552,1.7511,85.885,-20.646,39.676,-0.37097,-1.0373,1.0514,-0.065143,0.74102,-0.52054,0.41914
4.4286e+05,-14.162,5.7018,1.0238,75.659,-21.527,39.926,-0.30645,-1.0048,1.018,-0.081152,0.73611,-0.52361,0.42118
4.4288e+05,-11.369,7.2671,0.94694,84.682,-18.37,49.092,-0.26344,-1.0262,1.0178,-0.098,0.72974,-0.5268,0.42468
4.4289e+05,-9.0687,9.2323,0.62814,87.975,-14.589,67.593,-0.26344,-1.0418,0.97273,-0.1154,0.72112,-0.53146,0.42922
4.4291e+05,-8.2234,11.908,1.0007,58.423,-5.7794,112.11,-0.22043,-0.96701,0.97909,-0.13182,0.7089,-0.5418,0.43189
4.4293e+05,-7.9737,13.735,0.25038,25.329,0.60403,159.7,-0.15054,-0.92418,0.9739,-0.14774,0.69291,-0.55793,0.43215
4.4294e+05,-7.5443,12.523,-0.13093,16.272,1.8357,199.05,-0.048387,-0.92384,0.9402,-0.16486,0.674,-0.57682,0.43108
4.4296e+05,-8.8039,11.116,0.30023,-7.0867,-1.868,231.06,0.010753,-0.90786,0.94598,-0.1814,0.65407,-0.59815,0.42604
4.4297e+05,-9.3518,9.6063,-0.46733,-36.472,3.445,251.91,0.064516,-0.78482,0.94159,-0.1952,0.6344,-0.61992,0.4185
4.4299e+05,-10.464,4.0468,-0.50996,-61.744,2.5837,268.25,0.13978,-0.8223,0.94683,-0.20404,0.61657,-0.6428,0.40623
4.43e+05,-11.327,-0.33523,0.24483,-13.574,-3.443,275.18,0.2043,-0.70506,0.98733,-0.21602,0.59772,-0.66299,0.39561
4.4302e+05,-13.097,-2.4053,1.8209,15.376,11.538,265.5,0.3172,-0.5926,0.9716,-0.22812,0.57807,-0.68102,0.3873
4.4304e+05,-18.466,-4.3628,4.3982,-2.8746,-5.0584,234.81,0.34946,-0.56018,0.93822,-0.23925,0.56145,-0.69807,0.37447
4.4305e+05,-17.912,-5.1967,7.8532,-27.713,-14.292,185,0.3871,-0.53362,0.95534,-0.24558,0.55045,-0.71212,0.35996
4.4307e+05,-11.606,-6.4425,4.5906,38.275,-11.735,122.25,0.41935,-0.46377,0.92233,-0.25146,0.5437,-0.71707,0.35632
4.4308e+05,-10.288,-8.2897,5.2721,70.535,-21.212,48.691,0.43011,-0.44232,0.91693,-0.25658,0.54323,-0.71494,0.35767
4.431e+05,-7.2068,-11.313,5.7546,22.136,-27.905,-21.497,0.41935,-0.43686,0.90574,-0.2548,0.55133,-0.70993,0.35654
4.4311e+05,-4.5364,-13.819,4.214,38.055,-24.845,-94.573,0.37634,-0.52236,0.89927,-0.24995,0.56542,-0.69852,0.3604
4.4313e+05,-2.3028,-12.838,3.4871,59.9,-30.898,-170.83,0.34409,-0.58062,0.84251,-0.24347,0.58592,-0.67917,0.36897
4.4314e+05,-1.2059,-10.026,2.6588,58.028,-25.652,-234.39,0.28495,-0.63921,0.81945,-0.23292,0.61137,-0.65383,0.3801
4.4316e+05,-0.6801,-6.9225,1.3216,39.597,-23.005,-293.72,0.14516,-0.68739,0.82459,-0.21693,0.64107,-0.62331,0.39174
4.4318e+05,-0.29842,-4.0465,-0.52538,17.728,-4.9297,-336.71,0.091398,-0.76732,0.7957,-0.19479,0.67191,-0.58911,0.4044
4.4319e+05,-1.1697,-1.7897,-1.4633,-34.473,16.084,-366.17,-0.05914,-0.94895,0.77703,-0.16433,0.70151,-0.55556,0.41502
4.4321e+05,-2.6753,-3.692,0.67127,-125.96,14.408,-394.61,-0.22581,-0.98103,0.77671,-0.1245,0.73187,-0.52538,0.41574
4.4322e+05,-5.0947,-7.1289,-0.73669,-128.49,-2.4488,-418.73,-0.30645,-1.0398,0.7705,-0.084919,0.76178,-0.49208,0.41271
4.4324e+05,-6.9651,-7.1798,0.039274,-96.323,-51.729,-428.68,-0.55376,-1.0774,0.7926,-0.052508,0.79148,-0.45482,0.40489
4.4325e+05,-4.3248,-7.2382,-0.019244,-49.731,-50.701,-432.11,-0.67742,-1.094,0.84299,-0.024723,0.81781,-0.41327,0.39972
4.4327e+05,-4.9346,-7.6154,2.9468,-101.04,-47.663,-404.63,-0.89785,-1.1209,0.85958,0.0069683,0.84033,-0.37663,0.38981
4.4329e+05,-7.7298,-8.6727,5.8842,-138.76,-42.618,-352.34,-1.0108,-1.0944,0.88793,0.039212,0.85826,-0.34705,0.37604
4.433e+05,-12.548,-13.017,6.2142,-115.41,-40.881,-277.99,-1.2419,-1.1112,0.9608,0.064331,0.87208,-0.32363,0.36138
4.4332e+05,-8.6438,-14.669,3.3813,-31.134,-38.635,-177.77,-1.3763,-1.0688,0.99493,0.074641,0.88053,-0.30701,0.35332
4.4333e+05,-2.6362,-14.47,5.3109,24.2,5.335,-82.504,-1.4301,-1.0365,0.9784,0.076265,0.88233,-0.29807,0.35614
4.4335e+05,0.56123,-17.377,2.9162,62.261,33.931,8.2714,-1.4839,-1.0259,0.98974,0.072133,0.87895,-0.29677,0.3663
4.4336e+05,-1.6959,-11.874,1.5751,129.83,47.3,76.574,-1.4839,-1.0631,0.9669,0.053813,0.87204,-0.30157,0.38171
4.4338e+05,-4.4739,-5.2106,22.686,-16.057,157.75,220.13,-1.414,-1.0793,0.97797,0.049181,0.8543,-0.33004,0.39852
4.4339e+05,-24.341,14.252,-12.968,19.523,164.33,381.26,-1.3065,-1.1706,1.0164,0.028865,0.82527,-0.37468,0.42156
4.4341e+05,-4.3362,-8.4871,9.0043,-316.44,102.14,208.11,-1.1774,-1.1813,1.0219,0.05764,0.80587,-0.41798,0.41539
4.4343e+05,-10.664,-24.899,-8.5725,-125.12,83.289,230.62,-1.0914,-1.1831,1.196,0.06738,0.78701,-0.44954,0.41711
4.4344e+05,-6.5663,-20.493,0.00652,367.67,73.774,172.44,-1.0161,-1.1778,1.2017,0.025119,0.77488,-0.44703,0.4462
4.4346e+05,-13.056,-2.806,7.7932,4.6513,52.908,163.16,-0.8871,-1.1768,1.1006,0.015524,0.76097,-0.46739,0.44969
4.4347e+05,-7.1641,-15.077,12.729,22.437,42.286,94.788,-0.77957,-1.2035,1.1003,0.011344,0.75317,-0.47778,0.45203
4.4349e+05,-14.201,-14.284,11.763,23.614,27.949,69.999,-0.7043,-1.1659,1.0782,0.0065894,0.74784,-0.48603,0.45218
4.435e+05,-19.903,-10.826,7.8132,100.49,9.9509,43.388,-0.63978,-1.1019,1.1013,-0.0071415,0.74499,-0.48745,0.45535
4.4352e+05,-19.323,-5.3161,3.7536,32.523,1.9738,38.418,-0.60215,-1.1713,1.0894,-0.015426,0.74192,-0.49315,0.454
4.4354e+05,-18.11,-7.0953,3.6154,46.079,-2.8259,27.98,-0.51613,-1.118,1.1012,-0.024176,0.74003,-0.49658,0.45297
4.4355e+05,-20.731,-2.1732,1.4698,111.3,-3.6609,41.204,-0.51075,-1.0751,1.096,-0.041915,0.73612,-0.49782,0.45668
4.4357e+05,-17.686,5.8657,1.8457,82.22,-15.166,40.483,-0.36559,-1.0479,1.0457,-0.058369,0.732,-0.50075,0.45827
4.4358e+05,-15.133,7.0977,0.70278,91.458,-21.538,33.457,-0.32796,-1.021,1.0291,-0.075579,0.72811,-0.50219,0.46038
4.436e+05,-12.485,8.4654,0.73089,73.852,-26.905,45.796,-0.32796,-1.0369,1.0177,-0.091621,0.72342,-0.50575,0.46096
4.4361e+05,-10.547,9.5872,1.4603,75.183,-24.755,62.841,-0.24731,-0.94579,0.99616,-0.10839,0.7173,-0.51049,0.46166
4.4363e+05,-8.2214,12.086,0.20733,60.745,-16.018,96.423,-0.22581,-0.94033,0.98498,-0.12518,0.7077,-0.51921,0.46251
4.4364e+05,-6.6003,11.714,0.063183,37.779,1.9505,144.55,-0.15054,-0.96712,0.99033,-0.14096,0.69379,-0.53361,0.46265
4.4366e+05,-7.5925,12.033,0.11669,31.529,7.0915,184.47,-0.069892,-0.88709,1.008,-0.15852,0.67688,-0.55118,0.46142
4.4368e+05,-8.6402,11.931,0.74375,26.179,-0.0083441,213.22,-0.032258,-0.85962,0.93522,-0.17724,0.65846,-0.57063,0.45759
4.4369e+05,-8.8719,11.81,0.34264,-20.502,-1.7717,236.22,0.086022,-0.79044,0.96962,-0.19357,0.64053,-0.59225,0.44888
4.4371e+05,-8.8505,7.0166,0.46359,-66.874,3.6036,254.73,0.091398,-0.8008,0.93581,-0.2026,0.62358,-0.61668,0.43567
4.4372e+05,-9.0661,0.48807,-0.55566,-72.282,15.389,272.36,0.2043,-0.68891,0.97626,-0.20875,0.60627,-0.64108,0.42176
4.4374e+05,-11.72,-3.6342,0.48501,-24.747,7.9324,279.12,0.22581,-0.67309,0.99889,-0.21905,0.5868,-0.66331,0.40951
4.4375e+05,-12.965,-4.8007,1.2561,64.932,-3.6702,255.21,0.2957,-0.60887,0.99391,-0.23574,0.56721,-0.67767,0.40431
4.4377e+05,-14.006,-4.3657,6.7078,106.24,-3.4197,225.76,0.38172,-0.56576,0.96063,-0.25364,0.54841,-0.68765,0.40255
4.4379e+05,-17.226,-2.0339,5.6749,56.538,-22.977,162.98,0.40323,-0.44238,0.92254,-0.26699,0.53785,-0.69474,0.39594
4.438e+05,-10.209,-4.8905,5.6683,21.359,-36.326,106.12,0.43548,-0.43681,0.90013,-0.27361,0.53486,-0.69847,0.38885
4.4382e+05,-8.2184,-10.599,6.5829,43.339,-17.825,53.265,0.43548,-0.46906,0.91666,-0.27647,0.53465,-0.69841,0.38721
4.4383e+05,-6.9635,-12.982,4.668,72.736,-36.279,-19.335,0.39247,-0.4739,0.86605,-0.27906,0.54106,-0.69075,0.39019
4.4385e+05,-3.8786,-13.362,4.2252,54.083,-41.986,-91.313,0.34946,-0.48983,0.85465,-0.27672,0.55505,-0.67817,0.39425
4.4386e+05,-0.90347,-13.485,2.5188,50.116,-39.795,-164.1,0.34946,-0.52698,0.82619,-0.26985,0.57538,-0.65957,0.40135
4.4388e+05,0.65724,-10.09,2.3033,37.129,-27.661,-232.36,0.23656,-0.66043,0.80238,-0.2566,0.60085,-0.63579,0.41097
4.4389e+05,0.89659,-6.0617,0.97244,4.9564,-16.968,-292.64,0.19355,-0.64445,0.80816,-0.23612,0.63093,-0.60771,0.42054
4.4391e+05,0.37954,-2.5611,-0.82904,-28.839,-3.1018,-336.11,0.048387,-0.8151,0.76151,-0.20834,0.66234,-0.57722,0.42979
4.4393e+05,-0.4747,-2.6366,-1.4528,-110.45,21.198,-364.59,-0.016129,-0.82596,0.77826,-0.16937,0.69391,-0.54889,0.43419
4.4394e+05,-2.6937,-6.1162,0.39383,-166.96,13.159,-392.35,-0.16667,-0.89542,0.77194,-0.12466,0.72565,-0.52169,0.43097
4.4396e+05,-5.4686,-8.4015,-0.68087,-134.83,1.8408,-419.84,-0.36022,-1.0565,0.83775,-0.083244,0.75576,-0.48925,0.42724
4.4397e+05,-6.4644,-7.778,0.60456,-110.19,-46.519,-434.58,-0.46237,-1.0141,0.87188,-0.047903,0.78615,-0.45234,0.4184
4.4399e+05,-5.4678,-7.5858,0.67669,-55.607,-41.247,-439.21,-0.70968,-1.0999,0.89911,-0.018096,0.81281,-0.41082,0.41261
4.44e+05,-7.8371,-7.2456,3.307,-112.48,-47.457,-402.43,-0.80645,-1.1158,0.8821,0.014218,0.8356,-0.37586,0.40037
4.4402e+05,-9.4162,-9.3576,5.6074,-112.41,-44.686,-348.64,-1.043,-1.0951,0.95534,0.043218,0.85392,-0.34562,0.38664
4.4404e+05,-11.91,-14.555,7.0125,-81.79,-37.326,-267.46,-1.2258,-1.0097,0.97305,0.064978,0.86763,-0.32147,0.37371
4.4405e+05,-8.4963,-11.847,4.2303,18.706,-27.202,-169.23,-1.2849,-0.99926,0.99563,0.068467,0.87569,-0.30382,0.36901
4.4407e+05,-4.2308,-11.332,4.5552,33.625,12.473,-69.016,-1.371,-0.98356,1.0295,0.066938,0.87686,-0.2966,0.37238
4.4408e+05,0.43871,-16.136,1.7948,35.012,47.414,20.113,-1.3763,-0.99943,1.0125,0.065708,0.87208,-0.29803,0.38254
4.441e+05,-2.2964,-15.685,-0.83042,166.74,49.497,83.83,-1.3602,-1.0369,1.0177,0.044995,0.86554,-0.30046,0.39817
4.4411e+05,-6.735,-3.878,13.99,42.432,136.76,216.2,-1.3495,-1.1058,0.95523,0.031362,0.84886,-0.32623,0.41475
4.4413e+05,-24.523,20.453,-7.5949,6.9915,64.322,346.87,-1.2204,-1.0955,0.98905,0.0087419,0.82712,-0.36873,0.42408
4.4414e+05,-5.2322,1.4663,5.4563,-330.7,80.137,216.93,-1.0968,-1.1176,1.0675,0.03461,0.80797,-0.41584,0.41601
4.4416e+05,-9.0884,-24.963,-0.56943,-265.31,107.48,227.54,-1.0161,-1.1507,1.1683,0.060751,0.78768,-0.45532,0.41055
4.4418e+05,-2.513,-24.996,8.0261,375.01,77.571,169.21,-0.93011,-1.1512,1.2132,0.019499,0.7758,-0.45187,0.43997
4.4419e+05,-12.554,-3.9003,9.1849,62.274,54.225,156.88,-0.82796,-1.1399,1.1515,0.0048792,0.7625,-0.46786,0.44686
4.4421e+05,-11.848,-7.26,10.496,59.664,25.197,104.64,-0.7043,-1.1233,1.0955,-0.0068849,0.75437,-0.47801,0.44987
4.4422e+05,-15.241,-14.487,10.257,-90.655,9.6649,87.261,-0.56989,-1.1396,1.1291,-0.0021661,0.74907,-0.49494,0.44037
4.4424e+05,-18.831,-14.37,7.174,112.99,-4.9415,51.552,-0.50538,-1.1291,1.1404,-0.017801,0.74671,-0.49613,0.44268
4.4425e+05,-18.726,-7.4084,5.0399,-4.1916,-12.016,42.76,-0.45161,-1.0967,1.1182,-0.022976,0.74457,-0.504,0.43711
4.4427e+05,-18.813,-7.3374,3.9554,33.933,-20.815,28.056,-0.40323,-1.0862,1.1352,-0.03191,0.74372,-0.508,0.43336
4.4429e+05,-20.278,-3.3726,1.1249,68.373,-20.73,34.945,-0.33871,-1.0276,1.1526,-0.046334,0.74142,-0.51094,0.43254
4.443e+05,-18.829,4.911,2.2705,52.099,-15.624,32.249,-0.30645,-1.0379,1.1132,-0.059647,0.73798,-0.51479,0.43222
4.4432e+05,-15.29,5.6498,0.21685,92.05,-13.894,25.975,-0.25269,-1.0166,1.1247,-0.076545,0.73394,-0.51534,0.43578
4.4433e+05,-12.03,8.6338,0.19495,82.514,-9.163,35.267,-0.19355,-0.99493,1.0968,-0.092656,0.72841,-0.51712,0.43979
4.4435e+05,-9.9617,11.184,0.92788,84.322,-9.5691,60.232,-0.22043,-0.95727,1.0747,-0.10988,0.72068,-0.52108,0.44388
4.4436e+05,-7.0814,12.322,-0.28494,59.862,-0.21971,100.8,-0.15054,-0.96245,1.0578,-0.12629,0.70922,-0.53002,0.44737
4.4438e+05,-6.4622,12.055,-0.99226,56.019,10.338,147.83,-0.14516,-0.95693,1.041,-0.14373,0.69346,-0.5433,0.45087
4.4439e+05,-6.9305,11.726,-0.30144,30.927,11.357,186.36,-0.053763,-0.91945,1.0357,-0.16084,0.67566,-0.56061,0.45092
4.4441e+05,-7.3172,11.771,-0.26871,22.221,10.326,216.55,0.053763,-0.81273,1.0593,-0.17942,0.65669,-0.57882,0.44892
4.4443e+05,-8.0026,10.643,-0.37118,-11.629,14.636,244.39,0.064516,-0.82832,1.0142,-0.19455,0.63682,-0.60006,0.44332
4.4444e+05,-8.8047,6.4457,-0.93925,-59.902,19.499,269.76,0.19892,-0.73703,0.97578,-0.20429,0.61896,-0.62316,0.43222
4.4446e+05,-10.62,0.080187,-0.34637,-67.059,19.177,286.18,0.22581,-0.72673,1.0152,-0.21162,0.59994,-0.64852,0.41799
4.4447e+05,-12.794,-2.273,1.0903,-0.62361,12.242,281.26,0.33333,-0.56626,1.0112,-0.22456,0.57968,-0.66899,0.40742
4.4449e+05,-14.659,-4.3738,1.9904,60.968,-2.6645,264.85,0.41398,-0.57684,0.99985,-0.24195,0.55931,-0.68412,0.40076
4.445e+05,-17.249,-3.6577,7.056,58.157,6.1094,235.45,0.44624,-0.48566,0.97267,-0.25669,0.54023,-0.69792,0.39391
4.4452e+05,-16.691,-2.7741,4.6246,21.865,-12.9,175.31,0.5,-0.44806,0.95619,-0.26672,0.52928,-0.70764,0.38467
4.4454e+05,-11.44,-6.0071,5.1267,41.882,-17.92,119.82,0.48925,-0.40529,0.95662,-0.27374,0.52299,-0.71205,0.38017
4.4455e+05,-10.064,-10.497,5.457,50.266,-11.943,52.819,0.51613,-0.42139,0.96208,-0.27665,0.52222,-0.71189,0.37942
4.4457e+05,-7.6056,-13.805,5.8582,32.643,-27.111,-25.676,0.5,-0.37833,0.93442,-0.27537,0.53028,-0.70664,0.37899
4.4458e+05,-4.5109,-15.209,4.2365,52.697,-30.854,-106.66,0.47849,-0.38362,0.92875,-0.27144,0.54537,-0.6939,0.38391
4.446e+05,-1.658,-12.682,3.0976,77.993,-36.572,-187.11,0.42473,-0.52754,0.88237,-0.26552,0.56705,-0.67248,0.39462
4.4461e+05,-0.09361,-9.2474,1.4729,63.5,-31.299,-258.26,0.37634,-0.5917,0.88172,-0.25394,0.5947,-0.64502,0.40718
4.4463e+05,0.42705,-6.7711,0.70764,32.784,-18.217,-313.62,0.23656,-0.65548,0.84176,-0.23493,0.62615,-0.61374,0.41961
4.4464e+05,-0.072798,-2.9489,-0.30733,4.0928,-0.14309,-354.89,0.17204,-0.71441,0.85241,-0.20911,0.65893,-0.57931,0.43184
4.4466e+05,-1.2495,-0.31736,-1.2205,-62.36,14.036,-382.33,0.026882,-0.80503,0.82341,-0.17434,0.69125,-0.54614,0.43989
4.4468e+05,-2.8774,-3.0308,0.20598,-141.74,16.862,-409.98,-0.1828,-0.90668,0.82801,-0.13103,0.72304,-0.51634,0.43981
4.4469e+05,-5.6042,-7.3687,-0.44298,-154.06,2.2512,-434.46,-0.27957,-0.95508,0.85562,-0.086684,0.75441,-0.48375,0.43513
4.4471e+05,-8.6534,-8.129,0.59121,-99.582,-49.519,-444.61,-0.47312,-1.052,0.92206,-0.052013,0.78552,-0.44554,0.42632
4.4472e+05,-4.7192,-4.5686,-1.5146,-35.237,-42.455,-449.39,-0.60753,-1.0358,0.91099,-0.024328,0.81166,-0.40219,0.42291
4.4474e+05,-7.4202,-6.2571,3.6584,-139.64,-43.153,-423.49,-0.89785,-1.0363,0.95593,0.013075,0.8351,-0.36638,0.41012
4.4475e+05,-10.136,-9.4368,5.491,-123.7,-49.234,-364.7,-0.98387,-1.0415,0.94464,0.044379,0.85427,-0.33504,0.39497
4.4477e+05,-11.324,-13.509,6.6673,-138.2,-40.382,-288.28,-1.1828,-1.0153,0.99546,0.073579,0.86822,-0.31165,0.37901
4.4479e+05,-8.1565,-15.188,3.369,-20.792,-36.229,-174.28,-1.3441,-0.98361,1.0351,0.082842,0.87678,-0.29474,0.37085
4.448e+05,-1.9249,-15.572,5.2347,51.334,8.8503,-73.137,-1.3978,-0.97309,1.0521,0.081033,0.87884,-0.28507,0.37392
4.4482e+05,1.3528,-16.562,3.8961,58.195,41.094,16.074,-1.4301,-0.9889,1.0294,0.076361,0.8752,-0.28479,0.38351
4.4483e+05,-2.1081,-14.068,0.99487,120.93,47.45,79.304,-1.4516,-1.0315,1.0065,0.059463,0.86906,-0.28955,0.39669
4.4485e+05,-3.201,-6.7631,19.455,6.3251,140.05,212.59,-1.3978,-1.042,0.98958,0.051357,0.85301,-0.31564,0.41243
4.4486e+05,-24.484,18.034,-5.9079,148.41,196.64,333.96,-1.2742,-1.0957,1.0171,0.018439,0.82577,-0.34764,0.44374
4.4488e+05,-9.0845,0.29047,15.527,-486.6,33.329,227.58,-1.1935,-1.1652,1.0108,0.058718,0.8095,-0.40523,0.42078
4.4489e+05,-13.42,-24.955,-5.685,-176.34,100.28,222.07,-1.043,-1.1086,1.2361,0.073755,0.79062,-0.43924,0.42017
4.4491e+05,-8.1656,-23.48,-5.2803,430.36,49.643,191.8,-0.97312,-1.0985,1.298,0.022682,0.77979,-0.43445,0.45018
4.4493e+05,-10.303,-2.5549,8.6064,-39.537,74.52,190.26,-0.83333,-1.2091,1.1227,0.017551,0.76303,-0.46026,0.45347
4.4494e+05,-5.7823,-17.167,15.771,22.64,51.917,112.02,-0.78495,-1.1614,1.1625,0.013164,0.75393,-0.47207,0.45668
4.4496e+05,-12.446,-14.845,12.257,31.125,43.296,78.626,-0.66129,-1.1773,1.1511,0.0082009,0.74731,-0.48046,0.45893
4.4497e+05,-21.112,-10.086,8.2181,97.016,15.077,55.209,-0.53763,-1.145,1.1346,-0.0060667,0.74351,-0.48331,0.46213
4.4499e+05,-17.128,-6.0771,6.4306,11.634,7.4668,48.344,-0.52151,-1.1077,1.1462,-0.011957,0.73999,-0.49082,0.45975
4.45e+05,-17.562,-8.1408,5.0562,15.034,0.61473,28.796,-0.46237,-1.0165,1.1134,-0.017135,0.73834,-0.49591,0.45677
4.4502e+05,-19.782,-4.6474,1.0569,131.56,-6.5692,32.797,-0.40323,-1.0487,1.1243,-0.03635,0.73569,-0.49462,0.46129
4.4504e+05,-19.711,5.6364,2.0159,56.052,-11.51,40.094,-0.33871,-1.0537,1.0962,-0.050214,0.73188,-0.49915,0.46117
4.4505e+05,-16.105,4.5039,0.58278,93.21,-18.337,34.793,-0.26344,-0.98913,1.0519,-0.067539,0.72832,-0.50045,0.46319
4.4507e+05,-12.335,6.3304,-0.25282,76.65,-20.525,40.018,-0.2043,-0.9786,1.0689,-0.08358,0.7241,-0.50296,0.46446
4.4508e+05,-10.827,6.8125,0.61045,76.957,-23.42,52.154,-0.21505,-0.95153,1.0354,-0.099782,0.7191,-0.50642,0.46527
4.451e+05,-9.519,10.862,0.63993,36.143,-23.318,81.426,-0.16129,-0.91388,1.0133,-0.11427,0.71198,-0.51512,0.46333
4.4511e+05,-7.6743,11.212,0.39682,7.7549,-11.217,119.45,-0.16129,-0.94095,1.0468,-0.12697,0.70156,-0.52895,0.46033
4.4513e+05,-6.6338,11.525,-0.5776,20.941,-1.6826,156.46,-0.043011,-0.93538,1.0244,-0.14306,0.68725,-0.5446,0.45895
4.4514e+05,-7.1654,10.943,-0.21524,12.259,8.8737,195.21,-0.0053763,-0.83907,1.0197,-0.1595,0.67004,-0.56326,0.45645
4.4516e+05,-8.3567,11.557,-0.59451,17.013,7.0815,220.52,0.075269,-0.85523,1.0308,-0.17871,0.65105,-0.58213,0.45312
4.4518e+05,-9.1659,10.352,-0.49416,-37.456,6.7582,241.45,0.11828,-0.73213,1.0208,-0.19327,0.63331,-0.60379,0.44384
4.4519e+05,-9.5146,4.8028,-0.77001,-61.173,12.39,267.22,0.21505,-0.66251,1.0102,-0.20335,0.6163,-0.62686,0.43112
4.4521e+05,-11.344,-0.66283,0.060655,-55.138,14.119,280.77,0.25806,-0.70517,0.99857,-0.21194,0.59777,-0.65096,0.41713
4.4522e+05,-13.035,-2.6857,0.66207,22.095,9.9648,277.02,0.34409,-0.56649,1.0337,-0.22668,0.57733,-0.66966,0.40848
4.4524e+05,-13.201,-3.8077,2.9383,79.238,6.1661,259.81,0.41398,-0.52866,0.99471,-0.24413,0.55642,-0.68348,0.40453
4.4525e+05,-18.044,-2.9482,9.7057,48.998,20.996,221.18,0.42473,-0.42696,0.98449,-0.25642,0.53777,-0.69762,0.39798
4.4527e+05,-18.415,-2.7915,7.0771,5.5971,-5.0142,159.3,0.49462,-0.45324,0.93929,-0.2641,0.52811,-0.70788,0.38763
4.4529e+05,-10.74,-5.9685,6.845,6.3393,-6.309,106.79,0.50538,-0.3463,0.94036,-0.2669,0.52372,-0.71381,0.38074
4.453e+05,-9.3644,-10.201,7.0574,28.149,-4.843,36.902,0.50538,-0.39454,0.95111,-0.26679,0.52494,-0.71397,0.37883
4.4532e+05,-6.628,-14.322,7.2363,6.0168,-30.379,-42.758,0.49462,-0.40512,0.93977,-0.26302,0.53577,-0.70874,0.37611
4.4533e+05,-3.0483,-16.822,4.8013,37.04,-50.117,-122.6,0.41935,-0.43174,0.92827,-0.25889,0.55386,-0.69489,0.3786
4.4535e+05,-0.66177,-14.224,3.4536,93.961,-66.099,-190.53,0.34409,-0.48482,0.88841,-0.2568,0.57676,-0.67129,0.38829
4.4536e+05,1.4013,-8.8212,1.8174,97.05,-74.422,-254.87,0.29032,-0.54353,0.87659,-0.2521,0.605,-0.64044,0.40033
4.4538e+05,2.6298,-4.7643,1.0148,37.092,-57.483,-312.6,0.19355,-0.68221,0.84149,-0.23717,0.63777,-0.60708,0.41043
4.4539e+05,1.4756,-2.6238,-0.78257,-10.364,-36.142,-360.29,0.14516,-0.75161,0.82956,-0.21303,0.67261,-0.57124,0.41941
4.4541e+05,-0.40609,-3.1035,-1.0351,-83.74,-20.703,-391.6,-0.032258,-0.85332,0.83978,-0.17848,0.70733,-0.53722,0.42335
4.4543e+05,-2.043,-5.6197,-2.2694,-115.75,-20.95,-417.14,-0.23656,-0.91214,0.83919,-0.13964,0.74045,-0.50282,0.42356
4.4544e+05,-3.3437,-7.324,-2.6488,-116.32,-26.509,-437.7,-0.32796,-0.97652,0.86102,-0.10041,0.7717,-0.46566,0.42138
4.4546e+05,-5.9005,-5.1264,-3.0139,-94.307,-53.231,-444.94,-0.58065,-1.1103,0.8653,-0.066724,0.8004,-0.42631,0.41614
4.4547e+05,-8.0914,-4.5586,1.4277,-115.72,-61.748,-446.96,-0.72581,-1.0516,0.87712,-0.032098,0.82749,-0.38699,0.40556
4.4549e+05,-11.537,-7.9816,4.9133,-153.73,-74.02,-407.24,-0.91935,-1.0895,0.92731,0.0036975,0.85148,-0.35262,0.38811
4.455e+05,-10.382,-10.177,6.1318,-176.6,-63.816,-335.04,-1.1559,-1.063,0.95004,0.038657,0.86915,-0.32618,0.36971
4.4552e+05,-10.916,-18.28,8.5755,-98.044,-45.065,-249.29,-1.2258,-1.0315,1.0122,0.062321,0.88185,-0.30343,0.35552
4.4554e+05,-4.9693,-16.942,7.5399,130.86,-23.853,-150.79,-1.371,-0.99954,1.0237,0.05435,0.88954,-0.28075,0.3563
4.4555e+05,-0.80642,-13.435,7.2793,149.21,27.458,-41.815,-1.4301,-0.97247,0.99028,0.040185,0.88919,-0.27009,0.36712
4.4557e+05,0.27738,-13.498,4.928,141.73,49.245,38.727,-1.4731,-1.0522,0.93892,0.024763,0.884,-0.26906,0.38148
4.4558e+05,-2.4391,-11.597,7.2693,126.57,104.08,127.53,-1.3978,-1.0521,0.92768,0.0078303,0.87318,-0.27959,0.39915
4.456e+05,-24.321,1.124,-5.0151,156.95,176.09,392.36,-1.3978,-1.0572,0.91078,-0.031209,0.84618,-0.32104,0.4242
4.4561e+05,-15.615,19.73,-3.2239,-274.38,15.487,221.44,-1.2258,-1.1213,0.90452,-0.016725,0.83339,-0.36645,0.4134
4.4563e+05,-7.5155,-24.859,-5.7695,-382.41,179.31,216.14,-1.1452,-1.1491,1.011,0.02948,0.81199,-0.41187,0.41251
4.4564e+05,1.4596,-25.078,20.282,298.41,68.162,174.25,-1.0054,-1.1396,1.1291,-0.005362,0.79985,-0.41453,0.43402
4.4566e+05,-13.015,-10.868,7.978,158.87,71.444,161.26,-0.94086,-1.139,1.0616,-0.027908,0.78636,-0.4256,0.44691
4.4568e+05,-13.571,-3.9126,10.62,89.076,40.378,128.18,-0.8172,-1.1548,1.0446,-0.043704,0.77582,-0.43767,0.45237
4.4569e+05,-13.757,-13.49,10.836,-118.04,28.743,93.445,-0.69892,-1.1229,1.0618,-0.034151,0.76986,-0.45754,0.44363
4.4571e+05,-17.071,-17.624,6.3398,131.72,9.3386,54.203,-0.64516,-1.107,1.0732,-0.049407,0.76634,-0.45786,0.44794
4.4572e+05,-18.644,-6.5692,5.3503,31.566,1.1215,47.339,-0.53763,-1.0801,1.0622,-0.056922,0.76303,-0.46459,0.44576
4.4574e+05,-19.839,-6.6871,2.5299,34.702,-6.1597,35.13,-0.49462,-1.0535,1.0681,-0.064876,0.76063,-0.46992,0.44317
4.4575e+05,-20.297,-2.42,2.1945,66.117,-15.738,33.575,-0.42473,-1.0162,1.0853,-0.077656,0.758,-0.47335,0.44198
4.4577e+05,-17.295,2.0234,1.1003,91.126,-15.128,30.898,-0.4086,-1.0267,1.0628,-0.093232,0.75422,-0.47514,0.44351
4.4579e+05,-15.016,6.0432,1.3922,81.424,-19.639,26.096,-0.33871,-0.97292,1.0352,-0.108,0.7505,-0.47687,0.44461
4.458e+05,-11.888,6.9915,1.1559,68.381,-24.675,32.337,-0.25806,-0.93549,1.0356,-0.12176,0.74657,-0.47962,0.44472
4.4582e+05,-9.7041,7.2971,0.83135,62.267,-24.771,48.141,-0.23656,-0.93014,1.0356,-0.13524,0.74145,-0.48405,0.44458
4.4583e+05,-8.063,9.9256,0.59694,26.17,-17.586,81.755,-0.19355,-0.95671,1.0185,-0.14671,0.73375,-0.49404,0.44275
4.4585e+05,-6.7551,9.7888,-0.27087,23.031,-7.8327,117.47,-0.18817,-0.94061,1.0131,-0.15875,0.72276,-0.50741,0.44153
4.4586e+05,-6.3882,9.9301,-0.61518,23.881,-2.1303,153.23,-0.10753,-0.82832,1.0142,-0.17254,0.70892,-0.52326,0.44029
4.4588e+05,-6.5777,11.333,0.32467,7.247,-0.14291,186.32,-0.010753,-0.80699,1.02,-0.18679,0.69311,-0.54212,0.43682
4.4589e+05,-6.5274,11.317,-0.3738,-28.86,3.1389,219.16,0.010753,-0.8227,0.98616,-0.19859,0.67538,-0.5648,0.43061
4.4591e+05,-7.899,7.7062,-0.47181,-83.799,1.718,254.52,0.091398,-0.73213,1.0208,-0.20608,0.65843,-0.59112,0.41782
4.4593e+05,-8.9091,2.3897,-0.31821,-84.055,8.3156,281.2,0.16129,-0.72695,1.0377,-0.21182,0.64057,-0.61813,0.40338
4.4594e+05,-11.078,-0.29197,-0.17394,-28.957,7.761,286.63,0.24194,-0.636,1.033,-0.22225,0.62116,-0.64126,0.39184
4.4596e+05,-13.34,-1.2936,0.16692,34.176,0.22048,276.63,0.34409,-0.55033,1.0226,-0.23827,0.60121,-0.65904,0.38397
4.4597e+05,-14.11,-3.6413,4.8948,75.567,5.3273,266.8,0.39247,-0.44896,1.0461,-0.25534,0.57951,-0.675,0.37861
4.4599e+05,-20.83,-1.495,6.7165,47.392,0.35169,219.03,0.46774,-0.4538,0.99546,-0.26971,0.56235,-0.68864,0.36986
4.46e+05,-16.45,-2.6736,5.7847,-9.0588,-34.477,162.56,0.48925,-0.41097,0.99027,-0.27786,0.55476,-0.69858,0.3564
4.4602e+05,-9.2736,-8.977,6.7211,-12.069,-9.4888,112.61,0.45161,-0.32536,0.98551,-0.27851,0.55038,-0.7061,0.34776
4.4604e+05,-9.9531,-12.817,7.0735,61.98,-21.504,40.861,0.47849,-0.29868,0.9914,-0.28225,0.55032,-0.70475,0.34757
4.4605e+05,-6.7602,-13.079,5.9944,35.268,-33.403,-33.49,0.44086,-0.33589,0.96855,-0.28116,0.55898,-0.69827,0.34773
4.4607e+05,-3.1918,-14.305,4.0901,42.796,-42.517,-111.87,0.42473,-0.39994,0.95667,-0.27756,0.57496,-0.68454,0.35182
4.4608e+05,-0.82745,-13.593,3.5907,58.828,-35.456,-188.22,0.37097,-0.42656,0.94517,-0.27066,0.59665,-0.66357,0.36115
4.461e+05,-0.42163,-10.061,2.0157,73.691,-35.703,-253.39,0.26882,-0.52231,0.89365,-0.26143,0.62279,-0.63522,0.37455
4.4611e+05,0.6109,-5.3092,-0.17951,57.908,-25.464,-307.11,0.23118,-0.57589,0.90435,-0.24705,0.65212,-0.60154,0.38968
4.4613e+05,0.096776,-1.623,-1.0153,-10.246,5.564,-343.36,0.11828,-0.6772,0.87525,-0.22149,0.68264,-0.56793,0.40298
4.4614e+05,-1.601,-2.3751,-1.8952,-100.05,18.997,-369.87,-0.096774,-0.85337,0.8454,-0.18453,0.71315,-0.53775,0.4101
4.4616e+05,-3.3756,-4.1657,-0.21999,-150.83,13.757,-394.14,-0.1828,-0.85855,0.82849,-0.14225,0.74364,-0.50811,0.41059
4.4618e+05,-5.9015,-4.5753,-2.0325,-148.62,-0.31126,-411.7,-0.34409,-0.90741,0.90104,-0.10153,0.77213,-0.47599,0.40858
4.4619e+05,-10.233,-7.4777,0.95542,-180.22,-35.92,-433.89,-0.45161,-0.96628,0.90607,-0.059587,0.80202,-0.44217,0.39711
4.4621e+05,-7.2225,-9.0355,-0.018002,-74.213,-80.841,-437.79,-0.67204,-1.0789,0.93865,-0.031045,0.83018,-0.40026,0.38681
4.4622e+05,-5.8664,-7.9762,2.729,-73.451,-80.412,-415.96,-0.7957,-1.0418,0.97273,-0.0042803,0.85427,-0.35966,0.3753
4.4624e+05,-7.6995,-8.5468,5.5122,-66.897,-65.272,-366.71,-1.0376,-1.0208,1.0066,0.019064,0.87326,-0.32351,0.36387
4.4625e+05,-10.167,-12.376,6.6902,-64.895,-49.745,-292.82,-1.2366,-1.0688,0.99493,0.039223,0.88734,-0.29483,0.35238
4.4627e+05,-7.4761,-12.709,4.8584,-13.637,-34.434,-187.58,-1.2957,-1.0154,1.0011,0.048114,0.89522,-0.2757,0.34678
4.4629e+05,-3.3188,-17.343,5.3356,82.638,3.0023,-80.424,-1.4032,-1.0529,1.0119,0.044499,0.89752,-0.26319,0.35102
4.463e+05,2.0553,-18.269,4.5608,81.4,38.866,23.964,-1.4194,-0.96695,0.97348,0.038612,0.89353,-0.26232,0.36236
4.4632e+05,-1.4653,-13.299,0.39453,174.81,55.642,91.041,-1.414,-1.0206,0.98979,0.015842,0.88567,-0.26618,0.38012
4.4633e+05,-2.5596,-4.5742,13.399,46.57,127.84,191.6,-1.3656,-1.063,0.95004,0.0036598,0.87098,-0.28978,0.39674
4.4635e+05,-24.383,21.04,-10.058,52.39,191.24,356.15,-1.328,-1.1113,0.96642,-0.018922,0.84362,-0.33162,0.42186
4.4636e+05,-9.2696,-6.7191,11.418,-411.27,71.796,219.3,-1.1398,-1.1391,1.0785,0.018889,0.82909,-0.3828,0.40709
4.4638e+05,-11.569,-24.879,-11.509,-119.88,89.581,216.67,-1.0753,-1.0975,1.1913,0.030691,0.81222,-0.41319,0.41065
4.4639e+05,-4.2654,-22.443,2.2028,456.75,104.72,184.43,-0.94624,-1.0817,1.2139,-0.020092,0.79677,-0.40747,0.44578
4.4641e+05,-17.556,0.87772,8.0862,0.83637,65.266,174.48,-0.84409,-1.1557,1.1289,-0.029965,0.78224,-0.43084,0.44897
4.4643e+05,-7.1963,-11.423,11.91,11.687,32.054,116.55,-0.74731,-1.1713,1.0894,-0.034939,0.77385,-0.44506,0.44929
4.4644e+05,-12.211,-15.893,14.888,-27.532,21.231,79.985,-0.63978,-1.1289,1.1292,-0.034088,0.76897,-0.45754,0.44518
4.4646e+05,-20.337,-11.621,8.8009,92.853,2.0303,56.506,-0.5914,-1.1077,1.1406,-0.047666,0.76556,-0.46106,0.44617
4.4647e+05,-18.607,-4.338,5.4332,15.092,-8.3592,47.615,-0.5,-1.1287,1.1067,-0.054683,0.76264,-0.46891,0.44217
4.4649e+05,-18.812,-8.3178,3.2106,-1.8503,-14.331,34.862,-0.45161,-1.0807,1.1184,-0.058885,0.76128,-0.47602,0.43634
4.465e+05,-21.455,-1.9115,2.6218,82.002,-16.554,41.287,-0.3871,-1.0433,1.1188,-0.074306,0.75802,-0.47934,0.43602
4.4652e+05,-17.795,3.7927,1.7154,63.172,-14.588,38.797,-0.29032,-0.97911,1.1194,-0.088296,0.754,-0.48346,0.43584
4.4654e+05,-14.593,6.465,1.0994,92.967,-9.8957,33.478,-0.27957,-0.97365,1.1082,-0.10463,0.74895,-0.48518,0.439
4.4655e+05,-12.959,8.0542,1.1317,89.438,-11.602,42.698,-0.26882,-0.99493,1.0968,-0.12085,0.743,-0.48795,0.44188
4.4657e+05,-9.989,10.036,1.0607,63.533,-10.293,59.921,-0.22581,-0.91973,1.0638,-0.13497,0.73581,-0.49365,0.44348
4.4658e+05,-7.7794,8.6263,0.32172,57.454,-2.4513,94.119,-0.15054,-0.94663,1.0804,-0.14921,0.7259,-0.50269,0.44508
4.466e+05,-7.0548,9.9766,0.16175,53.318,6.3533,130.48,-0.096774,-0.9302,1.0413,-0.16451,0.71271,-0.51526,0.44664
4.4661e+05,-7.6645,11.769,-0.3686,52.678,2.3781,162.25,-0.064516,-0.85506,1.0139,-0.18219,0.69712,-0.53012,0.447
4.4663e+05,-7.8961,12.028,0.2341,1.9731,-5.6927,192.28,0,-0.855,1.0083,-0.19691,0.68134,-0.54958,0.44155
4.4664e+05,-6.9537,10.286,-0.23173,-14.653,-0.4523,218.94,0.069892,-0.79089,1.0146,-0.20979,0.66481,-0.56997,0.43491
4.4666e+05,-7.8275,6.015,-0.78921,-47.716,11.745,244.64,0.12366,-0.71615,1.0265,-0.21798,0.64838,-0.59275,0.42513
4.4668e+05,-9.4925,1.8113,-0.37802,-32.428,14.018,263.51,0.16129,-0.71063,1.0097,-0.2267,0.63054,-0.61564,0.41475
4.4669e+05,-10.882,-0.76631,-0.10443,5.5303,4.1164,263.22,0.26882,-0.64118,1.0161,-0.23882,0.61274,-0.63487,0.40554
4.4671e+05,-11.398,-3.2038,-0.77253,51.979,-2.7208,258.38,0.33871,-0.5554,0.99445,-0.25429,0.59418,-0.65017,0.39946
4.4672e+05,-14.124,-3.1704,5.3572,78.115,-1.3908,235.56,0.37097,-0.5715,0.9999,-0.27037,0.57571,-0.66326,0.39439
4.4674e+05,-18.296,-2.6812,5.9228,57.906,-11.232,171.09,0.43548,-0.43219,0.97321,-0.28315,0.56371,-0.67217,0.38761
4.4675e+05,-14.697,-3.903,7.308,-28.36,-36.082,115.02,0.46774,-0.41621,0.97898,-0.28701,0.5616,-0.67999,0.37397
4.4677e+05,-9.4488,-9.8402,6.277,-0.43332,-14.52,68.97,0.41398,-0.44812,0.96181,-0.28691,0.56134,-0.68365,0.3677
4.4679e+05,-9.2819,-12.977,5.5244,60.599,-27.946,-4.0523,0.40323,-0.43174,0.92827,-0.2888,0.566,-0.67833,0.36892
4.468e+05,-6.0452,-13.83,4.9579,44.45,-40.828,-79.529,0.43548,-0.47452,0.92784,-0.2866,0.57884,-0.66704,0.37129
4.4682e+05,-2.1607,-13.666,2.2152,55.227,-40.478,-154.07,0.37097,-0.5012,0.92195,-0.28113,0.59755,-0.64852,0.37858
4.4683e+05,0.70071,-11.612,2.0957,55.186,-28.829,-223.89,0.33871,-0.55973,0.89328,-0.2708,0.62111,-0.62371,0.38972
4.4685e+05,1.2795,-8.4309,1.6875,35.005,-13.334,-282.93,0.20968,-0.69296,0.847,-0.25358,0.64826,-0.5945,0.40253
4.4686e+05,0.29252,-4.4938,-0.33117,23.538,-1.4666,-333.63,0.15054,-0.74632,0.83523,-0.23116,0.67732,-0.56035,0.4169
4.4688e+05,-0.41265,-1.8934,-1.3122,-32.577,17.122,-365.41,0.026882,-0.84245,0.82304,-0.19993,0.70623,-0.5266,0.4289
4.4689e+05,-2.0421,-3.1064,-1.1599,-110.62,25.763,-393.57,-0.15054,-0.9226,0.81662,-0.15952,0.73488,-0.49579,0.4344
4.4691e+05,-4.0827,-6.2977,-2.3568,-144.58,20.707,-415.68,-0.27419,-0.94433,0.85011,-0.11525,0.76279,-0.46415,0.43524
4.4693e+05,-6.3465,-6.7977,-0.96277,-138.76,-16,-426.95,-0.49462,-1.041,0.89408,-0.074333,0.79028,-0.42999,0.43017
4.4694e+05,-6.905,-6.3703,-0.36167,-106.73,-41.277,-436.18,-0.56452,-1.0787,0.91618,-0.038853,0.81632,-0.39191,0.42252
4.4696e+05,-9.4825,-8.0992,2.8724,-124.72,-68.842,-417.5,-0.80645,-1.0947,0.91602,-0.0043615,0.84091,-0.35558,0.40794
4.4697e+05,-9.6531,-9.1128,5.2822,-133.31,-80.208,-364.8,-1.043,-1.0472,0.97829,0.027082,0.8614,-0.32425,0.39001
4.4699e+05,-10.253,-11.44,8.1204,-131.22,-62.821,-302.61,-1.172,-1.1064,1.0114,0.055316,0.8768,-0.29875,0.37271
4.47e+05,-9.2023,-14.64,4.7857,-53.194,-49.476,-198.75,-1.2849,-1.064,1.0568,0.069335,0.8866,-0.28043,0.36123
4.4702e+05,-3.5162,-14.785,4.2869,30.999,-2.9445,-92.462,-1.3656,-1.032,1.0571,0.070083,0.88943,-0.2698,0.36222
4.4704e+05,0.030147,-19.54,4.0459,92.224,37.366,13.93,-1.414,-1.0053,1.063,0.062577,0.88682,-0.26709,0.37188
4.4705e+05,-2.5422,-14.857,0.19951,172.19,54.682,95.992,-1.4032,-1.0213,1.0628,0.039373,0.87996,-0.27122,0.38802
4.4707e+05,-8.8449,-7.3084,6.1397,100.58,173.03,263.7,-1.414,-1.0797,1.0229,0.016766,0.86041,-0.29983,0.41172
4.4708e+05,-24.53,24.31,-9.1468,106.71,-6.1694,313.27,-1.2419,-1.1115,0.9945,-0.018399,0.8457,-0.33341,0.41629
4.471e+05,-0.84971,-2.173,17.669,-456.55,84.464,234.48,-1.1559,-1.1116,1.0001,0.025131,0.82886,-0.38838,0.4019
4.4711e+05,-4.6305,-25.027,11.511,-260.73,106.77,205.53,-1.0108,-1.1509,1.1851,0.052717,0.81126,-0.42559,0.39743
4.4713e+05,-8.2782,-25.008,3.5226,389.77,61.401,168.17,-0.94624,-1.1463,1.2638,0.007566,0.80076,-0.4228,0.42423
4.4714e+05,-10.506,-1.9676,6.9837,130.39,66,160.83,-0.83871,-1.1504,1.1346,-0.014339,0.78644,-0.43641,0.43687
4.4716e+05,-13.695,-3.1254,7.386,14.998,49.069,123.26,-0.72581,-1.1339,1.0898,-0.022187,0.77546,-0.45254,0.43976
4.4718e+05,-14.99,-18.083,7.9584,-124.41,44.804,94.58,-0.64516,-1.1341,1.1066,-0.010613,0.76825,-0.47224,0.43204
4.4719e+05,-16.659,-17.343,5.4913,167.74,26.68,59.132,-0.52151,-1.1396,1.1291,-0.029339,0.76353,-0.47096,0.44086
4.4721e+05,-17.149,-7.412,5.7544,17.537,17.686,43.486,-0.49462,-1.1078,1.1518,-0.034217,0.75965,-0.47783,0.43982
4.4722e+05,-18.367,-6.9712,5.5779,48.823,6.9832,28.345,-0.3871,-1.0702,1.141,-0.042483,0.75723,-0.48122,0.43957
4.4724e+05,-21.599,-3.6347,2.8441,89.966,-11.926,37.9,-0.34946,-1.0701,1.1241,-0.058227,0.75436,-0.48355,0.44016
4.4725e+05,-17.544,3.9785,4.1174,75.203,-12.285,37.176,-0.30108,-0.99481,1.0856,-0.073038,0.75063,-0.4867,0.44085
4.4727e+05,-15.615,5.028,2.3158,90.943,-18.724,29.837,-0.23118,-0.98935,1.0744,-0.089569,0.74706,-0.48797,0.44245
4.4729e+05,-12.538,6.3052,0.84129,80.782,-21.55,37.914,-0.24731,-1.005,1.0349,-0.10529,0.74246,-0.4906,0.44381
4.473e+05,-10.27,7.5122,0.70736,80.298,-22.541,47.805,-0.17742,-0.95159,1.041,-0.1214,0.73697,-0.49384,0.44527
4.4732e+05,-8.815,10.032,0.19289,35.627,-17.673,77.491,-0.15591,-0.96222,1.0353,-0.1345,0.72928,-0.50265,0.4443
4.4733e+05,-7.5199,8.5524,-0.56799,22.576,-10.92,114.23,-0.096774,-0.96194,1.0072,-0.14741,0.71878,-0.51542,0.44268
4.4735e+05,-7.1497,9.8784,0.13572,12.767,-5.7431,151.66,-0.016129,-0.84442,1.0196,-0.16151,0.70568,-0.53136,0.43998
4.4736e+05,-7.4884,11.511,-0.0079716,17.91,-5.1592,185.28,-0.010753,-0.86558,0.99696,-0.17801,0.68941,-0.5495,0.43712
4.4738e+05,-7.9399,12.71,-0.9282,-14.444,-7.51,214.3,0.05914,-0.78026,1.0203,-0.19426,0.67184,-0.56995,0.43134
4.4739e+05,-8.5164,8.4828,-1.916,-52.707,-6.6913,239.05,0.1129,-0.74806,1.0094,-0.20619,0.65518,-0.59194,0.42171
4.4741e+05,-9.7263,3.0014,-1.3323,-49.577,-1.7096,264.09,0.19892,-0.68429,1.0493,-0.21615,0.63872,-0.61449,0.40953
4.4743e+05,-10.806,0.11879,-0.73338,1.4966,6.4135,270.22,0.20968,-0.66819,1.0439,-0.22841,0.6198,-0.63469,0.40105
4.4744e+05,-12.858,-1.1785,0.11265,48.755,5.8936,257.78,0.30645,-0.51273,1.0061,-0.24412,0.60075,-0.65064,0.39518
4.4746e+05,-15.558,-3.0441,5.9224,67.834,14.137,243.64,0.40323,-0.53908,0.96652,-0.25913,0.58113,-0.66568,0.38988
4.4747e+05,-20.713,-1.9551,7.7251,28.977,16.581,191.3,0.45161,-0.46957,0.96721,-0.26907,0.56648,-0.67908,0.38152
4.4749e+05,-16.012,-2.82,6.2334,-18.996,-24.283,137.82,0.47312,-0.3785,0.95127,-0.27448,0.5612,-0.68834,0.36865
4.475e+05,-9.9695,-7.3095,6.3453,14.101,-1.8131,86.919,0.48387,-0.40551,0.97909,-0.27564,0.55825,-0.69271,0.36405
4.4752e+05,-9.8123,-11.855,7.3857,6.5493,-18.137,19.613,0.45699,-0.39988,0.95106,-0.27401,0.56238,-0.69231,0.35965
4.4754e+05,-6.2573,-14.693,5.7543,8.4516,-30.834,-56.281,0.43548,-0.39977,0.93982,-0.26946,0.57405,-0.68529,0.3581
4.4755e+05,-3.0293,-15.121,4.204,52.663,-43.038,-133.68,0.41935,-0.49585,0.92201,-0.26547,0.59158,-0.66893,0.36345
4.4757e+05,-0.90983,-12.814,3.7061,75.224,-42.981,-202.53,0.33333,-0.54409,0.93276,-0.25953,0.61396,-0.645,0.37373
4.4758e+05,-0.35427,-9.1068,1.7849,78.258,-47.64,-266.17,0.30645,-0.52782,0.91045,-0.25086,0.64116,-0.61386,0.38622
4.476e+05,0.82668,-5.7978,0.11896,59.359,-33.05,-321.58,0.15054,-0.64512,0.87557,-0.23563,0.67076,-0.57806,0.40051
4.4761e+05,0.36132,-2.7116,-1.65,24.053,-8.2308,-362.21,0.016129,-0.81054,0.84021,-0.21235,0.70016,-0.5405,0.41538
4.4763e+05,-0.45942,-3.4499,-1.8102,-72.253,6.2158,-392.84,-0.075269,-0.89058,0.82255,-0.17682,0.7304,-0.50591,0.42344
4.4764e+05,-1.4789,-5.3455,-2.2972,-105.77,11.614,-414.41,-0.27419,-0.96009,0.82186,-0.13672,0.75881,-0.4715,0.42802
4.4766e+05,-4.0966,-4.5767,-2.5205,-114.22,-12.056,-425.2,-0.3871,-0.98683,0.82159,-0.098174,0.78576,-0.43607,0.42753
4.4768e+05,-5.5587,-3.6557,-0.95961,-175.27,-35.814,-430.32,-0.61828,-1.0083,0.83261,-0.055274,0.81202,-0.40279,0.41873
4.4769e+05,-8.7011,-10.617,4.2165,-194.22,-63.342,-425.35,-0.68817,-1.0248,0.87177,-0.011492,0.83825,-0.36882,0.40147
4.4771e+05,-8.5136,-13.474,4.7078,-123.04,-88.365,-375.89,-0.96237,-1.0791,0.96112,0.020304,0.86057,-0.33477,0.38332
4.4772e+05,-8.7827,-13.123,8.3472,-139.64,-56.848,-305.47,-1.1613,-1.0581,0.99504,0.050697,0.87607,-0.30874,0.3669
4.4774e+05,-9.9713,-16.246,7.292,-43.634,-43.86,-201.81,-1.2258,-1.0051,1.0461,0.064575,0.88635,-0.28906,0.35589
4.4775e+05,-3.58,-15.474,7.2191,21.322,-2.2997,-95.465,-1.3333,-1.0102,1.0236,0.067317,0.88958,-0.27831,0.35589
4.4777e+05,-1.1528,-20.129,6.8595,129.89,33.09,-0.7719,-1.3925,-0.962,1.0129,0.055949,0.88841,-0.27215,0.36543
4.4779e+05,-0.49965,-13.325,0.31958,171.3,66.35,80.108,-1.3978,-1.0634,0.98937,0.034352,0.88053,-0.27468,0.38476
4.478e+05,-10.713,-3.8164,2.6378,161.75,137.02,234.68,-1.2957,-1.0632,0.97251,0.0026758,0.86335,-0.29795,0.40725
4.4782e+05,-24.615,20.81,-3.1344,-62.025,-27.781,344.97,-1.2097,-1.122,0.97193,-0.015493,0.84837,-0.34534,0.40097
4.4783e+05,-2.714,-9.8696,14.73,-383.44,120.75,219.94,-1.0914,-1.1284,1.073,0.024273,0.83053,-0.3932,0.39374
4.4785e+05,-7.3812,-24.899,-5.2385,-78.609,51.853,224.61,-1.0054,-1.124,1.1685,0.029337,0.81522,-0.42243,0.39511
4.4786e+05,-3.9844,-24.386,5.391,286.3,93.107,164.83,-0.88172,-1.1774,1.1624,-0.0014833,0.80176,-0.42528,0.4199
4.4788e+05,-14.967,-4.3485,13.783,140.98,61.213,137.01,-0.81183,-1.1022,1.1294,-0.022578,0.78996,-0.43555,0.43098
4.4789e+05,-15.573,-3.2474,11.607,-57.066,31.829,114.16,-0.67742,-1.1069,1.0676,-0.022809,0.78112,-0.4549,0.42707
4.4791e+05,-14.841,-18.005,10.069,-6.3201,15.042,72.785,-0.55914,-1.0967,1.1126,-0.024086,0.77685,-0.46527,0.4236
4.4793e+05,-18.814,-10.414,7.9366,68.506,-2.7289,57.662,-0.54839,-1.0862,1.1296,-0.035804,0.77344,-0.47057,0.42318
4.4794e+05,-19.007,-6.629,4.8641,25.831,-11.829,48.166,-0.45699,-1.0379,1.1188,-0.044182,0.77064,-0.47761,0.41959
4.4796e+05,-20.948,-2.911,1.8578,23.812,-16.935,45.408,-0.39247,-1.006,1.1304,-0.05413,0.76753,-0.48481,0.41583
4.4797e+05,-19.644,-0.53102,1.7501,52.049,-18.918,42.779,-0.32258,-0.98451,1.125,-0.067384,0.76404,-0.49004,0.41421
4.4799e+05,-16.25,3.9626,0.90122,78.48,-15.244,37.699,-0.23656,-1.0003,1.0967,-0.08351,0.75943,-0.49318,0.416
4.48e+05,-13.657,7.4345,1.4317,75.248,-11.416,40.458,-0.22043,-0.96262,1.0746,-0.099098,0.75382,-0.49665,0.41866
4.4802e+05,-10.581,10.311,-0.20752,88.504,-14.262,51.853,-0.18817,-0.92524,1.0806,-0.11702,0.74652,-0.50004,0.42306
4.4804e+05,-7.5343,9.6972,-0.42415,50.553,-10.492,81.673,-0.16667,-0.96273,1.0859,-0.13142,0.7372,-0.50827,0.42535
4.4805e+05,-7.3689,10.304,0.041398,37.784,-3.3537,127.43,-0.1129,-0.87695,1.0643,-0.14652,0.72455,-0.5213,0.42639
4.4807e+05,-7.9318,11.097,0.68225,16.87,-1.3677,163.2,-0.096774,-0.90369,1.064,-0.1611,0.70951,-0.5386,0.42491
4.4808e+05,-7.6463,12.697,0.66497,12.272,-5.0383,196.49,0.0053763,-0.8608,1.0532,-0.17807,0.69207,-0.55772,0.42224
4.481e+05,-7.2174,12.288,-0.69628,-29.433,-4.1915,225.31,0.075269,-0.7699,1.0541,-0.19272,0.67374,-0.579,0.41677
4.4811e+05,-7.8437,8.0045,-0.9743,-75.428,5.435,251.16,0.096774,-0.7005,1.066,-0.20093,0.65608,-0.60308,0.40679
4.4813e+05,-9.0466,2.3857,-1.2714,-71.254,5.9244,272.09,0.19892,-0.64168,1.0666,-0.20799,0.63886,-0.62687,0.3945
4.4814e+05,-10.539,-1.2934,-0.70869,-20.886,10.663,275.15,0.25806,-0.58849,1.0952,-0.21777,0.61996,-0.64814,0.3849
4.4816e+05,-12.318,-2.4002,-0.352,39.357,5.8597,261.91,0.32796,-0.52939,1.0677,-0.23213,0.60063,-0.66446,0.37929
4.4818e+05,-14.641,-3.9049,3.8989,76.733,5.1405,247.05,0.39247,-0.46523,1.0684,-0.24839,0.58063,-0.67865,0.37497
4.4819e+05,-19.036,-2.7029,7.3489,27.711,5.8764,193.28,0.43548,-0.42223,1.0463,-0.25868,0.56614,-0.69165,0.36631
4.4821e+05,-15.552,-3.3537,5.1844,-9.4072,-30.912,137.71,0.46237,-0.42729,1.0182,-0.265,0.56067,-0.69982,0.35452
4.4822e+05,-10.016,-8.3753,6.7799,10.237,4.9528,91.946,0.47312,-0.36358,1.0638,-0.26517,0.55675,-0.7052,0.34988
4.4824e+05,-10.75,-12.869,6.6072,27.439,-11.948,20.755,0.46237,-0.42701,0.99011,-0.26454,0.55957,-0.70419,0.34788
4.4825e+05,-6.8306,-14.513,5.4131,33.396,-24.09,-58.528,0.5,-0.40563,0.99033,-0.26136,0.57032,-0.69603,0.34924
4.4827e+05,-3.0516,-14.606,3.8596,52.392,-30.61,-136.43,0.45699,-0.4484,0.9899,-0.2563,0.58775,-0.68,0.35562
4.4829e+05,-0.80259,-12.937,3.8265,60.408,-25.337,-204.44,0.3172,-0.52827,0.95539,-0.24765,0.61029,-0.6575,0.36593
4.483e+05,-0.37621,-9.0814,1.6645,65.575,-26.138,-267.08,0.27957,-0.62975,0.94314,-0.23621,0.63731,-0.62794,0.37913
4.4832e+05,0.061653,-4.2029,-0.37876,41.153,-13.381,-314.61,0.2043,-0.72003,0.88044,-0.21886,0.6667,-0.59407,0.3933
4.4833e+05,-0.98849,-1.4873,-1.0368,-43.775,5.2255,-350.76,0.05914,-0.80024,0.87964,-0.18978,0.69758,-0.56122,0.403
4.4835e+05,-2.6016,-3.5988,-1.2548,-131.33,13.542,-381.54,-0.10215,-0.88562,0.86193,-0.15002,0.72869,-0.53113,0.40547
4.4836e+05,-3.8864,-5.2029,-0.66921,-168.38,-0.53051,-404.4,-0.23118,-0.98795,0.93394,-0.10716,0.75928,-0.50049,0.4019
4.4838e+05,-7.1629,-7.6501,0.52657,-189.22,-18.883,-428.77,-0.35484,-1.0577,0.95572,-0.063265,0.78956,-0.46775,0.39217
4.4839e+05,-8.8325,-9.4473,2.9738,-137.56,-90.086,-445.55,-0.55376,-1.0263,1.0291,-0.029103,0.82123,-0.42839,0.37578
4.4841e+05,-4.4219,-9.9114,1.3506,-16.103,-80.24,-445.63,-0.6828,-1.0641,1.0624,-0.0074049,0.848,-0.38116,0.36818
4.4843e+05,-4.5218,-7.156,3.7627,-45.294,-68.96,-420.14,-0.93011,-1.1285,1.0898,0.015491,0.86977,-0.33793,0.35926
4.4844e+05,-7.9352,-8.6075,7.69,-66.854,-41.394,-371.88,-1.172,-1.0858,1.0959,0.038904,0.88656,-0.3004,0.34965
4.4846e+05,-12.783,-15.554,4.7769,-20.392,-38.022,-272.58,-1.2688,-1.0541,1.1299,0.052602,0.89898,-0.27091,0.34012
4.4847e+05,-6.2882,-10.107,4.4023,17.559,-19.974,-167.64,-1.3871,-0.9683,1.1083,0.054636,0.90452,-0.25274,0.33908
4.4849e+05,-2.2092,-15.823,5.7233,90.971,21.313,-62.986,-1.4624,-0.94719,1.1366,0.048012,0.90496,-0.24193,0.34671
4.485e+05,1.6826,-17.439,2.9027,87.552,53.804,40.125,-1.5054,-1.0219,1.119,0.039986,0.89961,-0.24282,0.36075
4.4852e+05,-1.8173,-11.778,-0.83475,145.66,64.66,101.87,-1.4946,-1.027,1.0909,0.018458,0.89084,-0.24985,0.37901
4.4854e+05,-3.3371,-4.3104,5.7549,1.8634,91.141,178.2,-1.3978,-1.0427,1.0626,0.0088823,0.87801,-0.2748,0.39179
4.4855e+05,-23.954,14.563,-12.01,113.38,212.46,302.46,-1.3065,-1.1932,1.1398,-0.017652,0.85279,-0.3072,0.42198
4.4857e+05,-18.114,6.3256,16.4,-388.77,-76.66,206.46,-1.2634,-1.1715,1.1119,0.0088976,0.84789,-0.3573,0.39159
4.4858e+05,-11.675,-24.872,-11.052,-240.79,108.1,188.59,-1.1129,-1.1361,1.3145,0.037522,0.83192,-0.39109,0.39186
4.486e+05,-8.8085,-24.316,-5.2469,442.01,38.659,195.96,-1.0323,-1.1632,1.3479,-0.016174,0.82045,-0.38911,0.41856
4.4861e+05,-12.516,-1.3185,12.018,-31.215,48.809,187.5,-0.94086,-1.1777,1.1905,-0.022415,0.80703,-0.41564,0.41887
4.4863e+05,-4.309,-19.087,16.561,9.8441,42.986,116.14,-0.74731,-1.1512,1.2132,-0.02455,0.79886,-0.42941,0.42052
4.4864e+05,-11.406,-15.739,12.512,27.957,41.522,75.891,-0.74194,-1.1561,1.1682,-0.027808,0.79273,-0.43843,0.4226
4.4866e+05,-21.711,-11.463,8.7646,121.27,14.2,46.23,-0.65591,-1.1937,1.1847,-0.043546,0.78917,-0.43992,0.42636
4.4868e+05,-17.506,-4.3607,7.5886,12.141,17.744,42.5,-0.59677,-1.1293,1.1685,-0.047968,0.78519,-0.44769,0.42516
4.4869e+05,-16.687,-7.2948,4.2542,12.643,-0.893,21.897,-0.52688,-1.0972,1.1688,-0.05192,0.78357,-0.45281,0.42225
4.4871e+05,-18.365,-6.2659,2.1272,82.168,-6.0688,21.362,-0.47849,-1.1026,1.1687,-0.064373,0.78142,-0.45413,0.42309
4.4872e+05,-20.2,3.25,2.3606,85.624,-17.295,30.008,-0.41398,-1.054,1.1243,-0.08054,0.77808,-0.45672,0.42369
4.4874e+05,-15.542,5.3784,2.7176,69.253,-20.601,26.241,-0.33871,-1.0057,1.1079,-0.094564,0.77478,-0.45959,0.42373
4.4875e+05,-13.073,6.0094,1.845,88.571,-22.22,23.164,-0.35484,-1.0964,1.0845,-0.11004,0.77091,-0.46106,0.42546
4.4877e+05,-11.742,8.483,0.93127,98.542,-22.999,39.087,-0.32258,-1.0109,1.0854,-0.12763,0.76531,-0.46339,0.42811
4.4879e+05,-8.8685,10.997,-0.026908,50.332,-19.137,62.15,-0.26882,-1.0265,1.0459,-0.1411,0.75807,-0.47081,0.42866
4.488e+05,-5.9799,9.5841,-0.97601,61.701,-8.0873,101.69,-0.24731,-1.0209,1.0235,-0.15617,0.74706,-0.48129,0.43113
4.4882e+05,-6.1459,11.704,-0.96851,45.771,1.8253,147.1,-0.14516,-0.91388,1.0133,-0.17204,0.73246,-0.49682,0.43252
4.4883e+05,-7.3265,11.337,-0.79122,25.308,-0.30336,184.29,-0.10753,-0.92997,1.0188,-0.1878,0.71583,-0.51652,0.43073
4.4885e+05,-7.7316,10.857,-0.77597,-0.29418,-1.3032,215.15,0.010753,-0.89761,0.99102,-0.20281,0.69766,-0.53919,0.42592
4.4886e+05,-8.8171,8.7498,-0.86814,-49.531,0.10576,244.92,0.010753,-0.89755,0.98541,-0.21315,0.67896,-0.56603,0.41616
4.4888e+05,-10.162,4.1545,-1.2167,-39.756,-5.6989,264.32,0.10215,-0.83367,1.0141,-0.22391,0.6607,-0.59111,0.40489
4.4889e+05,-11.06,0.85745,-0.46347,-27.741,-0.58052,275.99,0.17204,-0.7533,0.99809,-0.23409,0.6422,-0.61492,0.39327
4.4891e+05,-12.025,-0.72774,0.99296,15.968,-7.2521,272.1,0.28495,-0.60363,1.0052,-0.24791,0.62376,-0.63445,0.38333
4.4893e+05,-10.917,-1.4954,0.81564,84.011,1.4454,253.02,0.34409,-0.6145,1.0219,-0.26439,0.60413,-0.648,0.38108
4.4894e+05,-12.891,-3.7196,6.6291,81.323,13.874,242.94,0.41935,-0.49669,1.0063,-0.27881,0.58414,-0.66235,0.37727
4.4896e+05,-20.411,-2.2642,7.2311,20.446,12.593,192.03,0.46237,-0.51206,0.9387,-0.28728,0.57026,-0.67604,0.36776
4.4897e+05,-15.705,-3.0282,6.6319,-13.703,-33.347,131.09,0.48387,-0.44244,0.92816,-0.29255,0.56602,-0.684,0.35521
4.4899e+05,-9.4135,-9.3806,6.6916,2.5126,-11.305,84.572,0.5,-0.40501,0.92853,-0.29303,0.5641,-0.6886,0.34895
4.49e+05,-8.9031,-14.049,6.9994,24.869,-22.593,13.431,0.48925,-0.4479,0.93934,-0.29249,0.56814,-0.68667,0.34662
4.4902e+05,-6.2546,-14.318,4.8304,70.647,-43.633,-62.011,0.47312,-0.40489,0.9173,-0.29368,0.57834,-0.67547,0.35073
4.4904e+05,-2.0993,-13.045,3.6558,58.023,-47.377,-137.65,0.42473,-0.50097,0.89948,-0.29041,0.59579,-0.65798,0.35743
4.4905e+05,-0.053149,-11.727,3.0991,52.486,-43.672,-208.34,0.38172,-0.52202,0.86557,-0.2827,0.61901,-0.63428,0.36689
4.4907e+05,0.32535,-10.004,1.9875,43.655,-37.024,-271.83,0.26882,-0.6185,0.88707,-0.26979,0.64655,-0.60491,0.37851
4.4908e+05,0.47768,-7.082,0.13878,41.681,-29.28,-326.28,0.22581,-0.71446,0.85802,-0.25272,0.6765,-0.56958,0.3925
4.491e+05,0.76281,-3.8577,-1.2719,11.906,-2.9733,-364.27,0.069892,-0.80508,0.82903,-0.22801,0.70599,-0.53233,0.40769
4.4911e+05,1.0904,-3.2404,-1.6962,-46.096,17.948,-390.98,-0.096774,-0.92806,0.8278,-0.19427,0.73428,-0.49651,0.42019
4.4913e+05,-1.1994,-4.2444,-2.3677,-96.503,32.999,-411.32,-0.18817,-0.99195,0.79907,-0.15381,0.76076,-0.46221,0.4289
4.4914e+05,-3.9504,-4.7642,-0.7016,-142.31,5.8774,-423.46,-0.38172,-1.0085,0.84947,-0.11085,0.78736,-0.42876,0.42888
4.4916e+05,-5.6066,-5.6906,0.043654,-132.95,-18.912,-430.13,-0.51613,-1.0734,0.92185,-0.070714,0.8127,-0.39289,0.42446
4.4918e+05,-8.9031,-10.054,2.5936,-158.87,-43.098,-420.6,-0.76344,-1.0521,0.9333,-0.029428,0.83717,-0.35773,0.41269
4.4919e+05,-8.5419,-12.851,3.4005,-136.19,-65.305,-381.27,-0.98925,-1.0689,1.0062,0.0061321,0.85843,-0.32391,0.39767
4.4921e+05,-8.9501,-13.976,6.9033,-107.73,-49.375,-316.34,-1.1075,-1.0795,0.99482,0.034921,0.87425,-0.29501,0.38396
4.4922e+05,-12.003,-15.602,7.9288,-36.226,-41.175,-226.41,-1.2312,-1.0212,1.0516,0.049759,0.88565,-0.27216,0.37293
4.4924e+05,-6.9183,-11.298,4.5769,38.411,-9.3992,-129.68,-1.2688,-1.021,1.0347,0.049733,0.89052,-0.25759,0.37169
4.4925e+05,-2.2601,-16.646,6.2688,57.283,27.605,-23.059,-1.3817,-0.97832,1.0408,0.046722,0.88983,-0.25282,0.37698
4.4927e+05,-0.029534,-18.413,4.659,116.61,50.833,62.571,-1.3602,-0.95131,1.013,0.034278,0.88498,-0.25452,0.3884
4.4929e+05,-2.1546,-13.056,4.619,142.34,90.467,145.15,-1.3333,-1.0846,0.9723,0.013741,0.87471,-0.26592,0.40495
4.493e+05,-18.625,10.09,-9.3504,286.9,146.94,267.53,-1.2688,-1.0792,0.96674,-0.035201,0.85433,-0.28453,0.43351
4.4932e+05,-24.495,24.52,5.2533,-234.01,-50.056,233,-1.1344,-1.1108,0.92148,-0.028814,0.84729,-0.32961,0.41548
4.4933e+05,-3.7981,-23.456,5.2455,-406.19,109.67,194.72,-1.0376,-1.1656,1.0501,0.017057,0.83302,-0.37504,0.40636
4.4935e+05,-7.8933,-24.974,0.52674,131.94,53.07,211.34,-0.97849,-1.1451,1.1459,-0.0022476,0.82007,-0.39194,0.41697
4.4936e+05,-12.844,-8.788,8.6391,254.93,50.272,172.93,-0.83333,-1.1179,1.0956,-0.038239,0.80731,-0.39975,0.43242
4.4938e+05,-8.6295,-9.035,8.2812,74.67,44.666,125.37,-0.7043,-1.1817,1.0556,-0.050459,0.79735,-0.41235,0.43778
4.4939e+05,-6.9368,-10.222,11.587,-88.701,40.845,106.14,-0.63441,-1.1708,1.0389,-0.043247,0.78974,-0.432,0.43338
4.4941e+05,-17.785,-18.062,9.1114,76.796,8.3452,58.818,-0.54839,-1.139,1.0616,-0.053096,0.78653,-0.43649,0.43361
4.4943e+05,-18.642,-6.5066,7.628,55.1,2.2743,53.462,-0.49462,-1.0962,1.0621,-0.063233,0.78281,-0.44274,0.43265
4.4944e+05,-17.99,-6.3955,4.4911,24.236,-11.989,37.268,-0.41398,-1.1229,1.0618,-0.070165,0.7808,-0.44903,0.42871
4.4946e+05,-18.723,-5.6423,2.8286,44.068,-11.407,35.745,-0.3172,-1.0423,1.0177,-0.079607,0.77838,-0.45409,0.42613
4.4947e+05,-21.521,1.707,1.6814,76.555,-20.32,37.76,-0.27957,-1.0423,1.0233,-0.095257,0.77486,-0.45796,0.4252
4.4949e+05,-18.344,4.1761,0.62941,61.581,-22.415,36.478,-0.23656,-1.0047,1.0012,-0.10948,0.77097,-0.46247,0.42396
4.495e+05,-14.588,6.1122,1.0237,86.932,-21.243,37.068,-0.19355,-1.0312,0.98407,-0.12595,0.76602,-0.46544,0.42511
4.4952e+05,-12.958,8.5387,0.24497,97.027,-24.323,48.118,-0.18817,-0.93504,0.99065,-0.14427,0.75971,-0.46865,0.42708
4.4954e+05,-10.213,10.422,0.026185,67.697,-22.97,73.772,-0.17742,-0.99346,0.95074,-0.16038,0.75156,-0.47612,0.42748
4.4955e+05,-7.9631,12.269,-0.75212,51.144,-15.361,116.09,-0.1129,-0.93504,0.99065,-0.17668,0.73996,-0.48831,0.42756
4.4957e+05,-7.3997,11.691,0.28388,29.141,-6.5647,152.94,-0.0053763,-0.91315,0.94031,-0.19176,0.72599,-0.50493,0.42569
4.4958e+05,-8.2618,12.55,0.18746,58.824,-8.4722,182.04,-0.016129,-0.90228,0.92356,-0.21119,0.70894,-0.52193,0.42473
4.496e+05,-8.7894,12.815,1.1366,9.0446,-15.249,207.2,0.064516,-0.82185,0.90189,-0.22711,0.69237,-0.54244,0.41809
4.4961e+05,-8.7901,10.609,-0.13844,-32.722,-9.5047,227.7,0.13978,-0.79529,0.91901,-0.23847,0.67632,-0.5644,0.40889
4.4963e+05,-9.1012,4.9744,-0.43886,-67.847,-6.8797,252.06,0.20968,-0.69915,0.93121,-0.24444,0.66214,-0.58789,0.39522
4.4964e+05,-10.008,-0.89504,0.22832,-39.463,-1.5854,267.55,0.27419,-0.64067,0.9655,-0.25159,0.64613,-0.61093,0.38208
4.4966e+05,-11.119,-2.9423,0.18469,8.9001,6.2017,264.56,0.35484,-0.59784,0.96031,-0.26167,0.62835,-0.6305,0.37306
4.4968e+05,-13.54,-4.1793,4.3891,45.867,-9.303,254.93,0.37097,-0.55495,0.94951,-0.27555,0.6101,-0.64749,0.36415
4.4969e+05,-18.222,-1.5578,7.0673,26.581,8.0442,213.41,0.43548,-0.48516,0.92211,-0.28534,0.59482,-0.66253,0.35473
4.4971e+05,-18.987,-0.97426,6.4871,-2.1512,-35.395,138.25,0.5,-0.38846,0.87814,-0.29324,0.58959,-0.67049,0.34182
4.4972e+05,-10.407,-5.6856,8.1523,-23.179,-28.848,79.164,0.52688,-0.35142,0.91783,-0.29322,0.59026,-0.67486,0.33194
4.4974e+05,-9.0903,-12.939,7.9725,7.4391,-21.95,1.9888,0.44624,-0.42082,0.9059,-0.29054,0.59587,-0.67271,0.3286
4.4975e+05,-6.8857,-15.773,6.9903,54.476,-39.784,-77.565,0.41935,-0.46354,0.89986,-0.28938,0.60745,-0.66123,0.33174
4.4977e+05,-3.676,-13.318,4.9144,106.16,-48.831,-154.73,0.39247,-0.43129,0.88333,-0.28967,0.62404,-0.63968,0.34275
4.4979e+05,-0.98223,-9.849,3.4339,89.648,-39.815,-223.08,0.33333,-0.57538,0.8538,-0.2843,0.64593,-0.61224,0.35652
4.498e+05,0.17008,-7.5354,2.4926,50.66,-22.746,-281.56,0.26882,-0.55388,0.84278,-0.27078,0.67214,-0.581,0.37061
4.4982e+05,-0.16122,-4.4839,0.66439,33.887,-5.0134,-324.56,0.16129,-0.69825,0.84133,-0.25145,0.69922,-0.54631,0.38655
4.4983e+05,-0.87396,-0.8824,-0.43925,-31.953,11.637,-353.69,-0.037634,-0.82591,0.77264,-0.22284,0.72605,-0.51319,0.39979
4.4985e+05,-1.517,-3.1464,-0.2876,-136.58,21.234,-382.16,-0.091398,-0.88473,0.77205,-0.18151,0.75459,-0.48318,0.40521
4.4986e+05,-2.7643,-5.9017,-0.39991,-170.99,16.76,-407.42,-0.2957,-0.9436,0.77708,-0.1358,0.78235,-0.45226,0.40613
4.4988e+05,-5.224,-5.7373,0.21569,-196.25,-14.891,-416.83,-0.41398,-1.0402,0.81544,-0.090093,0.80931,-0.42081,0.39978
4.4989e+05,-5.0686,-7.6362,0.01753,-179.3,-42.776,-430,-0.63978,-1.0571,0.89954,-0.046974,0.83503,-0.38515,0.39011
4.4991e+05,-6.8013,-13.419,3.4002,-184.94,-54.57,-424.66,-0.72581,-1.1001,0.91597,-0.0035449,0.85899,-0.34843,0.37513
4.4993e+05,-6.8501,-16.165,6.0108,-123.64,-55.425,-383.52,-0.96774,-1.1058,0.94962,0.03065,0.87843,-0.31161,0.361
4.4994e+05,-10.125,-17.576,9.6387,-68.51,-24.804,-306.74,-1.2097,-1.0481,1.0626,0.054469,0.89197,-0.27994,0.3508
4.4996e+05,-10.145,-13.78,4.4836,39.865,-25.179,-191.17,-1.2849,-0.98913,1.0519,0.056456,0.90022,-0.25757,0.34651
4.4997e+05,-4.1422,-15.061,6.808,87.007,16.953,-76.295,-1.3656,-1.0158,1.046,0.050449,0.90188,-0.24575,0.35167
4.4999e+05,0.72857,-14.533,1.5608,56.93,44.02,26.866,-1.3763,-1.0318,1.0459,0.044941,0.89684,-0.24733,0.36399
4.5e+05,-0.43023,-12.904,-2.7598,117.95,56.708,80.072,-1.3817,-1.0107,1.0742,0.028561,0.8889,-0.25257,0.38112
4.5002e+05,-4.1578,-6.9113,10.142,-34.945,108.63,175.96,-1.3495,-1.0742,1.0061,0.025605,0.87626,-0.27825,0.39255
4.5004e+05,-24.3,10.964,-13.362,54.918,157.3,345.33,-1.2742,-1.0856,1.0734,0.0017484,0.85235,-0.31848,0.41481
4.5005e+05,-6.4377,-2.1977,14.552,-264.9,54.54,226.22,-1.1129,-1.1019,1.0957,0.020818,0.83825,-0.36265,0.40668
4.5007e+05,-10.279,-24.961,1.7199,-137.28,86.478,212.8,-1.0753,-1.0867,1.1858,0.032811,0.82314,-0.39457,0.40704
4.5008e+05,-9.2803,-23.016,-0.3832,321.64,37.938,201.92,-0.92473,-1.1512,1.2132,-0.0088628,0.81144,-0.39972,0.42627
4.501e+05,-6.2557,-8.0914,10.206,-16.709,66.802,182.37,-0.82796,-1.156,1.1626,-0.01348,0.79726,-0.42351,0.42992
4.5011e+05,-5.3355,-17.395,11.014,43.241,55.706,119.08,-0.67742,-1.1661,1.1007,-0.019286,0.78774,-0.43571,0.43503
4.5013e+05,-14.412,-13.444,11.649,19.725,34.514,83.169,-0.6129,-1.1663,1.1176,-0.023766,0.78148,-0.44625,0.4354
4.5014e+05,-21.798,-9.9886,6.3327,83.441,7.7645,61.486,-0.53763,-1.0966,1.107,-0.037398,0.77738,-0.45145,0.43642
4.5016e+05,-18.226,-7.3578,4.1418,8.1141,6.5948,52.327,-0.47312,-1.145,1.1346,-0.042744,0.77361,-0.4602,0.43349
4.5018e+05,-17.031,-9.0297,4.2334,18.572,-3.3349,31.605,-0.43011,-1.1395,1.1178,-0.047895,0.77177,-0.46578,0.43026
4.5019e+05,-21.602,-5.4874,1.5243,92.113,-11.771,42.174,-0.34946,-1.0646,1.1129,-0.063923,0.76862,-0.46867,0.43068
4.5021e+05,-18.454,4.0944,2.5913,72.297,-21.305,42.42,-0.28495,-1.0805,1.0959,-0.079746,0.76478,-0.47295,0.4302
4.5022e+05,-16.445,5.7555,1.9052,53.502,-27.093,39.129,-0.26882,-1.0694,1.0623,-0.093671,0.76109,-0.47789,0.42847
4.5024e+05,-13.609,6.6568,1.1955,52.809,-29.523,42.838,-0.23656,-1.0264,1.0347,-0.10763,0.7568,-0.48299,0.42706
4.5025e+05,-11.546,8.4805,0.16212,87.442,-29.728,54.186,-0.19355,-0.98378,1.052,-0.12594,0.75061,-0.48689,0.42855
4.5027e+05,-8.9754,13.853,-0.32472,68.516,-27.679,85.708,-0.11828,-0.97866,1.0745,-0.14458,0.74159,-0.4946,0.42955
4.5029e+05,-6.3866,16.433,-0.93568,39.697,-15.576,136.42,-0.05914,-0.9302,1.0413,-0.16237,0.72826,-0.50848,0.42979
4.503e+05,-7.1411,14.706,-0.90026,12.684,-8.3625,191.14,-0.021505,-0.88731,1.0305,-0.17975,0.71115,-0.52864,0.4272
4.5032e+05,-8.6316,12.713,-0.68208,2.2748,-5.6457,235.11,0.032258,-0.82855,1.0367,-0.19809,0.69117,-0.55214,0.42212
4.5033e+05,-10.023,10.214,-0.92581,-20.931,-5.3678,253.73,0.10215,-0.87127,1.0306,-0.21438,0.67096,-0.57657,0.41402
4.5035e+05,-10.99,6.8013,-0.87322,-60.09,-11.182,263.7,0.17742,-0.72149,1.0265,-0.22594,0.65408,-0.60057,0.40055
4.5036e+05,-11.666,0.98375,-1.5044,-38.643,-12.252,273.61,0.23118,-0.70067,1.0829,-0.23652,0.63717,-0.623,0.38723
4.5038e+05,-12.278,-3.1455,-0.16629,13.972,-4.963,281.83,0.31183,-0.59333,1.0446,-0.24978,0.61773,-0.64333,0.37703
4.5039e+05,-13.749,-1.9466,4.084,73.769,9.5177,254.48,0.37634,-0.53981,1.0395,-0.26526,0.59744,-0.6587,0.37258
4.5041e+05,-18.267,-2.5497,4.9967,56.546,-1.7342,216.77,0.43011,-0.4645,0.99536,-0.27911,0.58094,-0.67178,0.36512
4.5043e+05,-16.314,-2.8477,8.6999,-40.124,-14.475,155.95,0.45699,-0.38964,0.9961,-0.2821,0.57401,-0.6843,0.35022
4.5044e+05,-10.798,-8.058,4.7632,24.76,-15.271,93.749,0.46774,-0.46439,0.98412,-0.28515,0.57058,-0.68818,0.34574
4.5046e+05,-8.0288,-10.017,7.0485,36.783,-30.964,20.452,0.47849,-0.42144,0.9677,-0.28675,0.57408,-0.68542,0.34409
4.5047e+05,-4.7035,-13.973,6.0181,6.5724,-33.625,-50.124,0.46774,-0.49658,0.99503,-0.28247,0.58515,-0.67849,0.34274
4.5049e+05,-1.8042,-16.067,6.0743,12.353,-35.139,-126.96,0.41935,-0.45859,0.93923,-0.27499,0.60279,-0.66485,0.34496
4.505e+05,-0.99307,-14.598,3.9405,70.48,-36.698,-201.62,0.33871,-0.55501,0.95512,-0.26853,0.62446,-0.64147,0.3556
4.5052e+05,0.37673,-9.8919,2.9771,73.384,-38.472,-264.65,0.33871,-0.61872,0.90954,-0.25931,0.65072,-0.61093,0.3689
4.5054e+05,1.4679,-6.7336,1.6582,49.085,-23.356,-319.68,0.19892,-0.71508,0.91982,-0.24314,0.67972,-0.57602,0.3835
4.5055e+05,0.94908,-3.2952,-0.023461,23.839,-1.4726,-363.72,0.064516,-0.80041,0.89649,-0.22001,0.70892,-0.53807,0.39938
4.5057e+05,0.19575,-3.3672,0.32973,-44.801,14.52,-393.64,-0.053763,-0.94439,0.85572,-0.18706,0.73801,-0.50163,0.41075
4.5058e+05,-1.2205,-4.5556,-1.7566,-70.249,23.406,-413.07,-0.23656,-1.0513,0.85466,-0.15027,0.76461,-0.46512,0.42006
4.506e+05,-3.7033,-4.1825,-0.090906,-130.67,3.436,-425.21,-0.36559,-1.0679,0.91067,-0.10913,0.79118,-0.43039,0.42058
4.5061e+05,-5.4686,-5.8092,-1.3778,-117.66,-16.571,-436.07,-0.59677,-1.0628,0.92757,-0.070387,0.81614,-0.39261,0.41812
4.5063e+05,-8.244,-9.277,2.379,-122.92,-33.497,-429.71,-0.68817,-1.1166,0.96074,-0.03256,0.83994,-0.35441,0.40967
4.5064e+05,-8.0126,-9.8985,2.5679,-114.63,-46.5,-391.46,-0.9086,-1.0689,1.0118,0.0010734,0.85992,-0.31873,0.39868
4.5066e+05,-10.267,-13.194,6.7172,-134.94,-34.15,-328.39,-1.1344,-1.1122,1.0563,0.034019,0.87529,-0.28997,0.38552
4.5068e+05,-11.394,-15.366,6.889,5.7516,-42.295,-228.4,-1.2419,-1.0698,1.1017,0.043981,0.88681,-0.26471,0.37625
4.5069e+05,-6.0131,-8.3585,4.2298,31.193,-5.707,-123.46,-1.3333,-1.0322,1.0796,0.043439,0.89065,-0.25173,0.37614
4.5071e+05,-1.725,-14.598,4.391,27.55,32.882,-9.9896,-1.3656,-1.027,1.0965,0.042885,0.88861,-0.25044,0.38184
4.5072e+05,0.028609,-17.31,1.8031,86.352,51.716,64.869,-1.3656,-1.0057,1.1023,0.033685,0.88304,-0.25413,0.39309
4.5074e+05,-1.7089,-11.471,-0.98722,153.71,60.284,102.22,-1.3441,-1.0324,1.102,0.011626,0.87465,-0.26028,0.40879
4.5075e+05,-2.6249,-0.67339,14.714,39.609,126.17,197.91,-1.3118,-1.0478,1.0345,-0.0016975,0.86002,-0.28485,0.42336
4.5077e+05,-24.323,19.82,-16.057,-60.073,197.27,393.36,-1.1828,-1.1925,1.0667,-0.013978,0.83005,-0.33695,0.44418
4.5079e+05,-4.3394,-14.691,6.2434,-299.93,95.495,220.05,-1.1237,-1.2034,1.0891,0.01349,0.81412,-0.38126,0.43779
4.508e+05,-5.6542,-24.91,-2.4261,-100.42,79.419,237.27,-0.95699,-1.1626,1.2861,0.019358,0.79729,-0.41324,0.43953
4.5082e+05,-7.2749,-20.885,-0.51051,379.77,76.492,189.34,-0.89247,-1.141,1.2695,-0.025657,0.7827,-0.41135,0.46637
4.5083e+05,-11.466,-4.9903,10.739,15.317,61.759,165.31,-0.75269,-1.1826,1.1511,-0.034832,0.76952,-0.43146,0.46954
4.5085e+05,-6.2285,-15.413,10.699,22.434,53.609,111.66,-0.59677,-1.1668,1.1737,-0.039052,0.76052,-0.44387,0.47229
4.5086e+05,-14.827,-14.633,14.308,5.637,37.157,81.7,-0.55914,-1.1293,1.1629,-0.041746,0.75452,-0.45473,0.47135
4.5088e+05,-21.817,-11.819,8.8323,81.924,6.1443,58.066,-0.45699,-1.1609,1.1176,-0.054232,0.75105,-0.45888,0.47161
4.5089e+05,-19.106,-4.9094,4.7598,24.243,1.5865,57.603,-0.41398,-1.1554,1.1008,-0.062227,0.74716,-0.4671,0.46873
4.5091e+05,-20.429,-8.9663,1.8145,-15.242,-10.909,44.324,-0.32796,-1.102,1.1126,-0.065816,0.7455,-0.47608,0.4618
4.5093e+05,-21.142,-3.9248,1.8216,93.319,-15.993,46.834,-0.33333,-1.0753,1.1128,-0.082055,0.74218,-0.47876,0.46176
4.5094e+05,-18.263,5.4746,1.354,68.405,-18.518,48.33,-0.2957,-1.027,1.0909,-0.097292,0.73774,-0.48336,0.46112
4.5096e+05,-15.808,6.7968,0.84965,57.079,-23.217,41.515,-0.19892,-1.0055,1.0855,-0.11128,0.73383,-0.48768,0.45965
4.5097e+05,-12.113,7.3468,0.77161,57.814,-25.409,42.646,-0.20968,-0.97326,1.0689,-0.12475,0.72964,-0.49172,0.45856
4.5099e+05,-10.483,9.3198,1.4341,49.745,-27.012,56.572,-0.14516,-0.98918,1.0575,-0.1383,0.7245,-0.49741,0.45669
4.51e+05,-8.4602,9.7747,0.6517,24.842,-20.207,87.791,-0.13978,-0.96808,1.0858,-0.15036,0.71696,-0.50737,0.4538
4.5102e+05,-6.8621,9.7456,0.28185,32.949,-7.5412,128.66,-0.064516,-0.89311,1.0753,-0.16453,0.70562,-0.52014,0.4522
4.5104e+05,-6.7834,11.692,-0.40874,36.18,-3.3497,172.36,-0.016129,-0.91416,1.0414,-0.18174,0.69015,-0.5363,0.4506
4.5105e+05,-7.0105,12.77,-1.0388,16.544,0.32369,205.3,0.032258,-0.88179,1.0137,-0.1989,0.67223,-0.5554,0.44731
4.5107e+05,-7.5901,9.852,-1.3268,-49.412,0.86851,234.6,0.10215,-0.78543,1.0034,-0.21007,0.65568,-0.57837,0.43753
4.5108e+05,-8.9195,4.0941,-1.2531,-73.817,-5.0092,257.46,0.16667,-0.76967,1.0316,-0.21778,0.64051,-0.60281,0.42301
4.511e+05,-9.996,-0.78497,-1.0114,-27.517,2.5835,266,0.23656,-0.65243,1.0721,-0.22779,0.62355,-0.62453,0.41142
4.5111e+05,-12.174,-1.3568,0.33457,36.42,-3.6614,263.21,0.27419,-0.59345,1.0559,-0.24346,0.60488,-0.64192,0.40347
4.5113e+05,-13.059,-1.6688,2.5997,112.48,10.013,247.87,0.39785,-0.55607,1.0619,-0.26278,0.58422,-0.65384,0.40265
4.5114e+05,-16.472,0.20808,5.4036,90.106,11.437,210.34,0.45161,-0.55028,1.017,-0.27846,0.56698,-0.66421,0.39978
4.5116e+05,-17.499,0.66176,5.3497,5.428,-11.665,156.83,0.43548,-0.4484,0.9899,-0.28657,0.5586,-0.67412,0.3891
4.5118e+05,-11.234,-6.3966,5.2574,-41.406,-14.098,102.73,0.50538,-0.44846,0.99552,-0.28592,0.55721,-0.68214,0.37742
4.5119e+05,-9.345,-13.739,7.2511,8.7809,-7.8146,41.879,0.46774,-0.47519,0.99525,-0.28451,0.55864,-0.68391,0.37315
4.5121e+05,-7.4248,-15.213,5.3519,71.165,-26.623,-31.188,0.48925,-0.41058,0.95095,-0.2857,0.56541,-0.67593,0.37657
4.5122e+05,-4.3691,-13.953,4.3469,68.753,-45.313,-106.85,0.43548,-0.46399,0.9448,-0.28425,0.58004,-0.66089,0.38208
4.5124e+05,-0.87176,-13.359,3.2794,59.974,-39.794,-183.87,0.38172,-0.56536,0.92131,-0.27728,0.60109,-0.63957,0.39084
4.5125e+05,-0.315,-11.446,2.7981,59.681,-31.452,-253.39,0.32258,-0.62407,0.90949,-0.26544,0.62694,-0.61187,0.40262
4.5127e+05,-0.14071,-7.7948,1.2941,53.332,-25.924,-312.11,0.25269,-0.67726,0.88087,-0.24887,0.65617,-0.5782,0.41616
4.5129e+05,-0.30831,-3.7146,-0.79927,26.964,-10.83,-360.81,0.12366,-0.77835,0.8293,-0.22531,0.68663,-0.54092,0.43033
4.513e+05,-1.5858,-2.4039,-1.4375,-53.475,6.7383,-392.39,-0.053763,-0.92829,0.85027,-0.19112,0.71683,-0.50641,0.43952
4.5132e+05,-3.118,-3.9341,-1.1669,-113.18,9.8782,-418.51,-0.15591,-0.94912,0.79388,-0.15004,0.74661,-0.47321,0.44287
4.5133e+05,-5.6435,-4.7909,-3.3815,-124.76,7.5872,-436.99,-0.35484,-1.062,0.84893,-0.10803,0.77395,-0.43864,0.44377
4.5135e+05,-9.3227,-5.3199,0.72104,-188.77,-32.14,-445.78,-0.48387,-1.0893,0.90484,-0.062394,0.80258,-0.40556,0.43301
4.5136e+05,-8.7396,-6.078,-0.94336,-101.51,-50.053,-441.55,-0.70968,-1.1003,0.93844,-0.027973,0.82772,-0.36642,0.42406
4.5138e+05,-9.9204,-7.3456,3.9117,-203.74,-60.069,-408.76,-0.87634,-1.1756,0.98263,0.015181,0.8501,-0.33533,0.40578
4.5139e+05,-11.414,-14.175,6.1176,-123.09,-73.017,-352.24,-1.0968,-1.043,1.0963,0.045962,0.86923,-0.30368,0.38742
4.5141e+05,-9.7383,-18.264,6.8887,-24.15,-66.495,-275.7,-1.3065,-1.0375,1.0795,0.061887,0.88396,-0.27417,0.37366
4.5143e+05,-3.7151,-13.374,6.9014,104.94,-21.493,-172.5,-1.3387,-1.0321,1.0739,0.05693,0.89156,-0.25043,0.37304
4.5144e+05,-1.7002,-11.005,7.379,111.21,20.684,-64.562,-1.4355,-1.0162,1.0853,0.046195,0.89256,-0.2392,0.37947
4.5146e+05,-0.13559,-16.494,4.1831,87.215,45.933,27.681,-1.4731,-1.0637,1.0175,0.038053,0.8888,-0.23867,0.38939
4.5147e+05,-1.1234,-14.366,-1.1067,227.54,51.363,82.5,-1.4516,-0.99915,0.98439,0.0091862,0.88209,-0.23772,0.4066
4.5149e+05,-3.2904,-3.9492,5.0481,108.34,83.665,177.32,-1.3656,-1.0843,0.94421,-0.013845,0.87019,-0.25698,0.42016
4.515e+05,-19.862,22.43,0.57989,-52.585,206.64,380.18,-1.3548,-1.1377,0.93244,-0.027451,0.8422,-0.30892,0.44103
4.5152e+05,-22.235,6.5269,-0.53058,-303.21,-56.839,207.31,-1.1452,-1.1654,1.0277,-0.012626,0.83584,-0.35554,0.41809
4.5154e+05,-8.6054,-24.788,-17.575,-385.54,98.042,268.93,-1.1183,-1.1558,1.1457,0.027459,0.8149,-0.40614,0.4126
4.5155e+05,-0.34363,-24.986,7.9877,411.27,94.837,193.12,-0.95699,-1.1836,1.2522,-0.019013,0.79985,-0.40389,0.44356
4.5157e+05,-16.906,-1.1203,6.0968,107.11,72.342,192.94,-0.89785,-1.1561,1.1738,-0.040931,0.7836,-0.42276,0.4534
4.5158e+05,-9.5196,-14.571,10.976,-31.321,47.003,127.68,-0.74731,-1.2089,1.1059,-0.040832,0.77432,-0.44084,0.45213
4.516e+05,-9.8594,-16.304,11.967,60.493,38.319,84.445,-0.65054,-1.1663,1.1232,-0.048008,0.76764,-0.44838,0.45539
4.5161e+05,-21.225,-12.081,10.065,63.824,20.487,61.946,-0.59677,-1.1715,1.1119,-0.057487,0.76303,-0.45441,0.45607
4.5163e+05,-19.918,-6.3231,6.2918,65.129,6.4482,55.244,-0.51075,-1.0908,1.0621,-0.068659,0.75876,-0.45996,0.45608
4.5164e+05,-20.185,-6.37,2.1802,-12.001,-2.4558,46.958,-0.44624,-1.1661,1.1007,-0.07232,0.75585,-0.4695,0.45059
4.5166e+05,-20.212,-4.8521,1.5807,97.075,-7.8753,39.829,-0.37634,-1.1126,1.0956,-0.087566,0.75229,-0.47155,0.45169
4.5168e+05,-17.944,2.8024,1.8124,85.097,-11.839,44.999,-0.33333,-1.0696,1.0736,-0.10314,0.74759,-0.47506,0.45253
4.5169e+05,-15.835,6.3659,1.2306,88.359,-17.348,35.861,-0.30108,-1.0212,1.0516,-0.119,0.74304,-0.4773,0.45378
4.5171e+05,-13.052,7.5525,1.2101,78.525,-21.808,38.232,-0.21505,-1.0158,1.0404,-0.13396,0.73845,-0.48007,0.45418
4.5172e+05,-10.504,10.173,1.4184,60.991,-21.621,54.53,-0.25806,-0.95682,1.0298,-0.14759,0.73261,-0.48534,0.45382
4.5174e+05,-8.014,11.336,-0.1475,30.747,-14.648,91.631,-0.1828,-0.94056,1.0074,-0.15998,0.72386,-0.49592,0.45221
4.5175e+05,-6.5963,11.269,-0.51954,30.455,-4.6635,134.68,-0.1828,-0.97759,0.96775,-0.1735,0.71123,-0.51054,0.451
4.5177e+05,-7.1002,11.565,-0.17222,33.254,-0.11612,173.74,-0.075269,-0.92981,1.0019,-0.18941,0.69561,-0.52783,0.44904
4.5179e+05,-7.8113,12.832,-0.79316,33.437,-2.6004,205.2,0.0053763,-0.8765,1.0193,-0.2079,0.67757,-0.5466,0.446
4.518e+05,-7.9447,11.035,-0.45103,-40.916,1.7545,237.31,0.026882,-0.81195,0.98064,-0.21912,0.65991,-0.5711,0.43629
4.5182e+05,-8.8488,4.4862,-1.3689,-84.371,6.7185,267.04,0.13978,-0.75887,1.0205,-0.22513,0.64343,-0.59791,0.42168
4.5183e+05,-10.658,-0.63192,-1.1249,-36.368,0.82767,272.76,0.16667,-0.74812,1.015,-0.23441,0.62567,-0.62156,0.40897
4.5185e+05,-12.43,-1.557,0.58302,37.318,0.20305,260.05,0.29032,-0.64658,1.0216,-0.24921,0.60714,-0.63893,0.4013
4.5186e+05,-13.567,-2.9432,2.7024,120.06,10.378,250.38,0.34946,-0.57634,0.94929,-0.26872,0.58578,-0.65113,0.40084
4.5188e+05,-18.365,1.0708,5.0439,82.032,1.1582,213.5,0.40323,-0.53891,0.94967,-0.28529,0.56886,-0.66209,0.39579
4.5189e+05,-15.69,0.4422,5.9439,-17.305,-19.018,155.42,0.42473,-0.50638,0.90505,-0.29113,0.56221,-0.67256,0.38319
4.5191e+05,-9.4074,-6.062,5.3272,-41.408,-18.878,99.353,0.41398,-0.43191,0.94512,-0.2902,0.56131,-0.68001,0.37189
4.5193e+05,-9.8116,-12.369,7.6095,-5.6003,-6.5128,42.749,0.40323,-0.43163,0.91703,-0.28756,0.56312,-0.68262,0.36638
4.5194e+05,-7.3598,-15.467,6.4464,9.8769,-34.259,-29.472,0.46774,-0.46912,0.92228,-0.28477,0.57237,-0.6776,0.36352
4.5196e+05,-4.1963,-15.61,4.3682,60.774,-46.06,-106.37,0.43011,-0.50638,0.90505,-0.28292,0.5871,-0.66302,0.36835
4.5197e+05,-1.8158,-13.131,3.9831,72.52,-46.323,-181.81,0.33333,-0.67681,0.83593,-0.27784,0.60762,-0.641,0.37778
4.5199e+05,-0.20825,-9.7234,2.6236,73.668,-39.029,-251.62,0.26344,-0.60718,0.82539,-0.26831,0.63296,-0.61218,0.39065
4.52e+05,0.5676,-6.5204,1.3863,46.571,-23.389,-311.45,0.1828,-0.79416,0.80667,-0.25126,0.66173,-0.57899,0.40466
4.5202e+05,0.11349,-3.8757,-0.12196,21.677,-1.5834,-354.32,0.069892,-0.80975,0.76157,-0.22724,0.69097,-0.5431,0.41949
4.5204e+05,-0.97051,-2.6363,-0.75896,-39.224,17.406,-380.53,-0.086022,-0.94878,0.76018,-0.19461,0.71921,-0.50919,0.43081
4.5205e+05,-2.5565,-4.0472,-0.27086,-98.116,23.381,-408.99,-0.25806,-1.0236,0.75381,-0.15488,0.74719,-0.47648,0.43668
4.5207e+05,-5.3504,-6.7223,-1.4099,-115.66,23.683,-434.17,-0.34946,-1.0397,0.75927,-0.11253,0.77409,-0.44163,0.43941
4.5208e+05,-8.4309,-5.9727,1.0367,-126.05,-25.734,-441.68,-0.62366,-1.1259,0.82582,-0.072865,0.80153,-0.40524,0.4336
4.521e+05,-6.8823,-6.7507,-0.10019,-71.297,-31.691,-442.83,-0.73656,-1.1527,0.83117,-0.039543,0.82562,-0.36426,0.42908
4.5211e+05,-8.0308,-7.8978,2.4793,-98.634,-45.73,-410.28,-0.96774,-1.1856,0.90949,-0.0061686,0.84698,-0.32715,0.419
4.5213e+05,-8.8127,-9.7369,6.3446,-107.73,-42.945,-351.68,-1.086,-1.1486,0.95481,0.024636,0.8641,-0.29579,0.40649
4.5214e+05,-11.12,-14.973,6.8836,-48.526,-36.827,-263.55,-1.2957,-1.122,0.97193,0.04412,0.87682,-0.26978,0.39556
4.5216e+05,-6.8791,-9.7762,3.6648,-17.207,-22.376,-152.75,-1.4301,-1.0474,0.99514,0.051405,0.88281,-0.25594,0.39052
4.5218e+05,-2.5574,-13.982,4.1358,14.804,19.696,-43.723,-1.4785,-1.0419,0.98396,0.053106,0.88263,-0.25168,0.39344
4.5219e+05,-0.18025,-19.674,3.7894,57.578,42.865,44.828,-1.4462,-1.0476,1.012,0.04868,0.87882,-0.25395,0.40102
4.5221e+05,-1.1761,-12.218,-2.5556,163.85,63.562,97.044,-1.4946,-1.0904,1.0172,0.025683,0.87022,-0.25856,0.41858
4.5222e+05,-7.0739,-1.3136,19.41,40.12,167.89,242.34,-1.4731,-1.1325,0.94935,0.010824,0.85238,-0.28754,0.43664
4.5224e+05,-24.672,20.18,0.0032761,-204.06,-19.451,385.76,-1.2903,-1.1759,1.0163,0.0054616,0.83541,-0.34819,0.42524
4.5225e+05,-2.2199,-20.896,14.215,-374.13,130.08,255.45,-1.1935,-1.2029,1.0385,0.042994,0.81473,-0.39879,0.41874
4.5227e+05,-4.6735,-24.953,2.776,40.02,48.736,238.87,-1.0645,-1.2101,1.2239,0.031771,0.79965,-0.42293,0.42507
4.5229e+05,-9.3691,-16.191,2.4552,289.6,68.037,192.35,-0.98925,-1.215,1.1789,-0.0056627,0.78534,-0.4285,0.44676
4.523e+05,-11.188,-7.3533,7.0676,48.521,54.474,147.53,-0.83333,-1.2406,1.0606,-0.017146,0.77305,-0.44465,0.45209
4.5232e+05,-7.3837,-11.024,8.4304,1.4126,33.37,113.82,-0.74731,-1.2084,1.0553,-0.021154,0.7643,-0.45913,0.45233
4.5233e+05,-15.902,-16.993,8.9964,-9.2464,16.977,77.671,-0.68817,-1.2457,1.0437,-0.022853,0.75948,-0.47047,0.44869
4.5235e+05,-19.059,-11.742,6.4028,101.63,0.23009,56.53,-0.55914,-1.1441,1.0447,-0.037518,0.75602,-0.47336,0.4505
4.5236e+05,-18.357,-7.2724,4.0088,6.9053,-7.9478,46.917,-0.56452,-1.1974,1.0274,-0.04316,0.75324,-0.48148,0.44602
4.5238e+05,-19.159,-8.222,3.0394,37.654,-16.33,35.429,-0.47312,-1.1282,1.0505,-0.051859,0.75159,-0.48633,0.44261
4.5239e+05,-21.255,-1.6362,3.3374,64.69,-19.456,41.283,-0.43548,-1.1119,1.0338,-0.065496,0.74861,-0.49068,0.44104
4.5241e+05,-17.67,3.9923,2.6102,71.124,-23.483,39.955,-0.37634,-1.0585,1.04,-0.080591,0.74492,-0.49442,0.44061
4.5243e+05,-14.708,4.5055,1.8136,73.243,-18.869,31.601,-0.35484,-1.0207,1.001,-0.094567,0.74104,-0.49705,0.44142
4.5244e+05,-11.952,5.8552,1.3125,98.865,-20.98,35.059,-0.31183,-1.0261,1.0066,-0.11114,0.73625,-0.49822,0.44425
4.5246e+05,-9.6315,7.9292,1.1035,88.223,-17.951,48.216,-0.25806,-0.97236,0.97904,-0.12695,0.73008,-0.5011,0.44695
4.5247e+05,-7.7631,8.8617,1.1917,65.117,-13.035,78.239,-0.17742,-0.99904,0.97316,-0.14156,0.72175,-0.5081,0.44818
4.5249e+05,-6.9004,10.853,0.43712,47.075,-4.9545,118.51,-0.15054,-0.94022,0.97374,-0.15631,0.70998,-0.5198,0.44867
4.525e+05,-6.4525,11.061,-0.3756,38.488,-8.7635,155.58,-0.091398,-0.88095,0.92939,-0.1725,0.69573,-0.53467,0.4476
4.5252e+05,-6.6679,10.827,-0.3319,9.415,-9.644,187.45,-0.05914,-0.96099,0.91174,-0.18712,0.67979,-0.55351,0.44329
4.5254e+05,-7.1596,10.026,-1.2484,-26.934,-8.8333,215.17,0.037634,-0.80615,0.93576,-0.19993,0.66342,-0.57438,0.43588
4.5255e+05,-8.2833,5.4476,-0.60667,-66.148,-6.1471,241.59,0.10753,-0.82213,0.92998,-0.20769,0.64815,-0.59802,0.42325
4.5257e+05,-9.871,1.6762,-0.66026,-44.376,-3.5462,262.86,0.17204,-0.77429,0.95855,-0.21696,0.63155,-0.62071,0.41085
4.5258e+05,-11.115,0.90833,-0.72857,-10.972,2.4557,269.75,0.23118,-0.68902,0.98749,-0.22868,0.61346,-0.64075,0.40102
4.526e+05,-12.571,-1.4402,-0.26059,12.398,1.0933,256.97,0.3172,-0.58174,0.95486,-0.24119,0.59597,-0.65795,0.39211
4.5261e+05,-17.051,-3.267,7.2065,1.4114,14.3,239.83,0.39247,-0.51229,0.96117,-0.25088,0.57839,-0.67649,0.38065
4.5263e+05,-20.393,-2.0592,5.0405,-23.274,-10.304,180.46,0.41398,-0.48561,0.96705,-0.25862,0.56786,-0.69026,0.36632
4.5264e+05,-12.551,-4.6838,4.6108,-21.346,-22.27,127.69,0.40323,-0.51229,0.96117,-0.26146,0.56341,-0.69835,0.35568
4.5266e+05,-11.325,-10.562,7.0823,11.037,-4.2551,72.514,0.42473,-0.43715,0.93383,-0.26162,0.56166,-0.70216,0.3508
4.5268e+05,-10.285,-13.123,6.9346,25.921,-33.392,2.1429,0.44624,-0.4372,0.93945,-0.262,0.56737,-0.69895,0.34774
4.5269e+05,-7.0388,-13.616,5.7332,41.617,-48.068,-71.885,0.40323,-0.45848,0.928,-0.26098,0.58012,-0.68834,0.34862
4.5271e+05,-3.9728,-13.833,4.9545,54.124,-50.26,-148.45,0.39785,-0.51696,0.89371,-0.25727,0.59936,-0.67033,0.35389
4.5272e+05,-2.927,-12.696,4.5064,65.766,-56.227,-218.84,0.26344,-0.60251,0.89285,-0.25108,0.62406,-0.64513,0.36236
4.5274e+05,-1.8198,-8.9353,2.6876,73.878,-59.004,-282.2,0.22581,-0.67709,0.86402,-0.24237,0.65297,-0.61249,0.37381
4.5275e+05,-0.39448,-4.2188,0.74905,49.659,-42.043,-329.45,0.12903,-0.77851,0.84615,-0.22721,0.68346,-0.57589,0.38679
4.5277e+05,-0.9928,-0.99308,-0.46564,-21.799,-15.457,-360.14,0.043011,-0.80474,0.79532,-0.20141,0.714,-0.54016,0.39732
4.5279e+05,-2.231,-3.5595,1.2794,-132.57,-6.2217,-388.26,-0.1129,-0.9597,0.78254,-0.16265,0.74551,-0.50906,0.39827
4.528e+05,-3.6202,-8.0556,-0.5023,-140.41,-9.6663,-413.2,-0.35484,-1.0884,0.82058,-0.12193,0.77561,-0.47542,0.3969
4.5282e+05,-4.8734,-7.2837,0.32421,-119.7,-35.862,-422.3,-0.41398,-1.0566,0.84898,-0.085677,0.80396,-0.43863,0.3923
4.5283e+05,-2.7197,-4.1381,-1.1047,-72.922,-40.909,-426.27,-0.65054,-1.1428,0.91554,-0.055521,0.82814,-0.39819,0.39057
4.5285e+05,-3.0353,-6.8077,4.5642,-176.13,-29.964,-411.88,-0.76344,-1.1164,0.94389,-0.013483,0.8501,-0.36361,0.3807
4.5286e+05,-7.0839,-11.617,4.5841,-130.6,-40.928,-375.27,-1.0269,-1.1493,1.0222,0.020555,0.86886,-0.32944,0.36896
4.5288e+05,-10.344,-15.495,7.4886,-60.084,-43.335,-323.74,-1.2312,-1.0376,1.0851,0.043141,0.88461,-0.29622,0.35758
4.5289e+05,-9.4125,-17.182,7.5292,81.708,-48.196,-229.52,-1.3172,-1.075,1.0848,0.04381,0.89643,-0.26656,0.35135
4.5291e+05,-3.487,-7.6791,7.1052,86.744,8.9783,-126.67,-1.3978,-1.064,1.0512,0.037043,0.89923,-0.25026,0.35692
4.5293e+05,-0.84457,-14.631,3.7609,68.295,41.033,-16.015,-1.4516,-1.0747,1.0511,0.032739,0.89637,-0.24616,0.36722
4.5294e+05,0.0064733,-20.006,0.64337,154.16,61.607,53.19,-1.4892,-1.0586,1.0456,0.018024,0.89069,-0.24447,0.38287
4.5296e+05,-2.8646,-8.8283,-2.9603,220.96,56.722,89.275,-1.4194,-1.0476,1.0176,-0.013422,0.88169,-0.24658,0.40204
4.5297e+05,-5.3476,3.9696,17.203,-4.7519,118.35,219.79,-1.4086,-1.0949,0.93849,-0.023957,0.86708,-0.27764,0.41294
4.5299e+05,-24.369,24.735,-16.201,-207.46,210.19,388.97,-1.2366,-1.2027,1.0217,-0.017386,0.83757,-0.33821,0.42871
4.53e+05,-5.7531,-24.207,6.3871,-450.27,141.59,218.99,-1.1613,-1.2252,1.1282,0.032173,0.81931,-0.38921,0.41977
4.5302e+05,-7.2,-24.952,-1.0203,120.35,61.275,232.25,-1.043,-1.1525,1.348,0.012951,0.80452,-0.40805,0.43137
4.5304e+05,-14.882,-10.747,0.081056,362.65,45.514,192.56,-1,-1.1464,1.2694,-0.03672,0.79045,-0.41048,0.45315
4.5305e+05,-12.826,-4.8745,11.209,-44.185,58.181,172.81,-0.81183,-1.2412,1.1224,-0.039779,0.77728,-0.43548,0.45233
4.5307e+05,-4.2303,-21.118,8.8188,15.424,41.098,107.25,-0.69892,-1.2201,1.1563,-0.041708,0.76953,-0.44737,0.45382
4.5308e+05,-12.309,-13.72,10.884,76.588,32.337,66.827,-0.65054,-1.1985,1.1341,-0.050608,0.76391,-0.45239,0.45742
4.531e+05,-21.248,-8.9798,9.6616,43.142,3.5223,48.852,-0.57527,-1.1822,1.1062,-0.058742,0.76093,-0.45845,0.45537
4.5311e+05,-19.137,-4.8393,5.0373,20.777,-4.1886,46.377,-0.53763,-1.145,1.1346,-0.065742,0.75792,-0.46581,0.45195
4.5313e+05,-20.645,-7.6875,0.548,37.497,-12.999,39.608,-0.47849,-1.0752,1.1072,-0.074702,0.75564,-0.47134,0.44863
4.5314e+05,-19.929,-0.010824,1.8849,80.295,-12.869,43.229,-0.3871,-1.0696,1.0736,-0.089635,0.75165,-0.475,0.44873
4.5316e+05,-16.854,3.5881,1.1685,87.573,-18.509,39.193,-0.37097,-1.0857,1.0846,-0.10553,0.74735,-0.47773,0.44957
4.5318e+05,-13.91,5.2686,0.69672,91.646,-15.047,33.776,-0.36022,-1.064,1.0568,-0.12082,0.74256,-0.47955,0.45171
4.5319e+05,-12.087,6.3428,1.1956,114.58,-16.938,38.618,-0.28495,-1.0587,1.0568,-0.13842,0.737,-0.48015,0.45511
4.5321e+05,-10.274,10.611,0.58168,87.205,-17.504,59.764,-0.23118,-0.97776,0.9846,-0.15486,0.72977,-0.48446,0.4569
4.5322e+05,-7.6985,10.654,0.077748,43.484,-10.966,95.082,-0.21505,-0.95097,0.97925,-0.16776,0.72049,-0.49464,0.45616
4.5324e+05,-6.6576,10.054,0.1424,35.075,-1.92,133.89,-0.12366,-0.92429,0.98514,-0.18105,0.70836,-0.50855,0.45478
4.5325e+05,-6.8158,10.848,-0.17654,43.446,-1.687,166.04,-0.091398,-0.92412,0.96829,-0.19685,0.69346,-0.5244,0.45318
4.5327e+05,-6.5426,11.725,-1.0205,19.016,-5.7008,195.11,-0.048387,-0.87572,0.94068,-0.21199,0.67705,-0.54317,0.44903
4.5329e+05,-6.4759,8.4198,-0.89622,-49.113,3.5732,228.27,0.053763,-0.82219,0.9356,-0.22012,0.66129,-0.56691,0.43915
4.533e+05,-8.1365,3.1949,-0.7964,-54.774,4.9095,256.38,0.12366,-0.81701,0.9525,-0.22737,0.645,-0.59173,0.42678
4.5332e+05,-9.996,1.0292,-0.71617,-21.258,-0.54705,265.69,0.18817,-0.70495,0.9761,-0.23808,0.62787,-0.61366,0.41534
4.5333e+05,-11.802,-0.4224,-0.049955,21.527,-4.0845,257.1,0.27419,-0.63516,0.9487,-0.25189,0.61065,-0.63132,0.4063
4.5335e+05,-12.301,-3.4018,3.4936,73.857,-2.5529,251.98,0.33871,-0.62435,0.93758,-0.26845,0.59155,-0.64604,0.4008
4.5336e+05,-18.976,-0.3618,6.2283,62.356,18.78,217.53,0.41935,-0.50649,0.91628,-0.28215,0.57395,-0.65962,0.39481
4.5338e+05,-19.644,1.0567,6.3924,-18.723,-30.161,153.45,0.43011,-0.49,0.8715,-0.29003,0.56777,-0.6701,0.38011
4.5339e+05,-10.246,-6.2638,6.3771,-49.416,-17.412,107.21,0.45161,-0.49568,0.90516,-0.28874,0.56641,-0.67868,0.36768
4.5341e+05,-11.484,-11.803,7.7912,38.82,-3.8945,47.066,0.44086,-0.49546,0.88269,-0.28965,0.56601,-0.67947,0.36614
4.5343e+05,-9.2273,-12.734,6.8888,38.112,-37.601,-22.535,0.41398,-0.46338,0.88301,-0.2898,0.57371,-0.67343,0.36519
4.5344e+05,-5.4927,-14.144,5.2012,42.346,-49.377,-98.845,0.45699,-0.52754,0.88237,-0.28727,0.58868,-0.66015,0.3676
4.5346e+05,-2.8855,-13.864,5.4229,58.027,-44.48,-168.66,0.36022,-0.53773,0.8317,-0.28167,0.60857,-0.64016,0.37483
4.5347e+05,-2.5455,-10.329,3.5219,82.371,-50.631,-239.98,0.24731,-0.69808,0.82448,-0.27442,0.63307,-0.61183,0.38676
4.5349e+05,-1.2072,-6.6136,1.6206,55.971,-40.936,-302.32,0.20968,-0.68745,0.8302,-0.26043,0.66185,-0.57831,0.39961
4.535e+05,-1.1003,-3.8741,-0.27866,15.26,-16.718,-344.33,0.091398,-0.74041,0.77911,-0.23792,0.6915,-0.54311,0.41261
4.5352e+05,-1.7912,-3.779,-0.71835,-54.973,4.0124,-369.51,-0.069892,-0.91129,0.75493,-0.20562,0.72057,-0.51061,0.42163
4.5354e+05,-2.2073,-4.9387,-1.0233,-90.085,7.0081,-394.28,-0.19892,-0.96994,0.73749,-0.1685,0.74883,-0.47782,0.42726
4.5355e+05,-3.2922,-4.5948,-3.5728,-87.823,7.3334,-413.29,-0.39785,-1.0346,0.78179,-0.13125,0.77439,-0.44276,0.4325
4.5357e+05,-6.9234,-5.3933,-1.7376,-149.65,-15.626,-430.5,-0.48925,-1.0508,0.8041,-0.089168,0.80088,-0.40881,0.42839
4.5358e+05,-6.6967,-6.8752,-0.88271,-118.26,-44.226,-431.1,-0.73118,-1.1101,0.84845,-0.051928,0.82584,-0.37135,0.42118
4.536e+05,-6.9867,-7.5646,1.9147,-166.7,-58.455,-403.55,-0.83871,-1.105,0.87097,-0.012056,0.84812,-0.33848,0.4074
4.5361e+05,-7.8824,-11.798,4.8393,-151.71,-54.166,-357.02,-1.0699,-1.1483,0.92672,0.024027,0.86632,-0.30825,0.39229
4.5363e+05,-9.7654,-15.747,7.5883,-89.052,-52.081,-293.72,-1.2742,-1.09,0.98348,0.04927,0.88084,-0.28044,0.37821
4.5364e+05,-7.9931,-13.675,5.8917,7.7531,-40.217,-193.54,-1.3441,-1.0526,0.97824,0.056413,0.89003,-0.25953,0.37056
4.5366e+05,-3.4383,-13.231,5.0381,51.948,1.1173,-83.257,-1.5,-0.99403,1.0069,0.053898,0.89219,-0.24904,0.37293
4.5368e+05,0.6914,-16.108,3.0025,42.833,32.732,16.628,-1.4839,-1.0046,0.98995,0.051034,0.8886,-0.24965,0.3814
4.5369e+05,-0.99467,-14.63,-0.18034,134.87,48.673,73.576,-1.5215,-1.0954,0.98343,0.033782,0.88218,-0.25282,0.39586
4.5371e+05,-3.7258,-7.3669,14.672,40.412,120.09,166.23,-1.4247,-1.1219,0.96069,0.023104,0.87015,-0.27267,0.40983
4.5372e+05,-24.419,13.403,-8.6282,160.25,166.08,358.04,-1.3871,-1.1112,0.9608,-0.014831,0.84527,-0.30839,0.43611
4.5374e+05,-8.042,1.8418,10.215,-405.16,55.065,225.62,-1.2527,-1.1544,0.99969,0.01825,0.83105,-0.36222,0.42169
4.5375e+05,-11.56,-24.874,-11.967,-90.515,80.053,232.29,-1.1667,-1.1502,1.1121,0.024886,0.81455,-0.39302,0.42594
4.5377e+05,-1.9036,-24.533,7.4465,212.3,90.479,196.59,-1.0323,-1.2039,1.134,-0.00070399,0.79987,-0.40255,0.44515
4.5379e+05,-12.477,-8.1438,11.661,118.67,37.321,164.09,-0.95161,-1.2305,1.1281,-0.021789,0.78871,-0.41632,0.45182
4.538e+05,-7.4566,-12.306,10.911,8.0703,48.025,109.19,-0.85484,-1.1871,1.0668,-0.025059,0.78005,-0.43009,0.45378
4.5382e+05,-15.903,-12.471,10.427,1.798,36.808,82.153,-0.74194,-1.1659,1.0838,-0.027821,0.77375,-0.44181,0.45314
4.5383e+05,-20.452,-13.152,5.676,85.294,7.0505,50.961,-0.72043,-1.1763,1.0557,-0.039862,0.77063,-0.44537,0.45407
4.5385e+05,-17.71,-6.5939,3.8774,29.937,6.4159,44.626,-0.6129,-1.1602,1.0502,-0.046853,0.76718,-0.45214,0.45257
4.5386e+05,-17.94,-7.6141,3.2264,22.182,-5.7413,30.37,-0.5914,-1.123,1.0674,-0.052647,0.76541,-0.45766,0.44935
4.5388e+05,-19.062,-3.5204,1.2681,76.284,-11.138,34.637,-0.48387,-1.1019,1.0957,-0.066133,0.76257,-0.4607,0.44931
4.5389e+05,-17.531,3.8319,2.9353,61.342,-12.966,30.669,-0.39785,-1.0427,1.0626,-0.078822,0.75935,-0.46441,0.44888
4.5391e+05,-14.808,4.4903,0.80044,96.505,-17.62,22.656,-0.4086,-1.0266,1.0571,-0.09473,0.75588,-0.46503,0.45103
4.5393e+05,-12.881,6.035,0.69057,81.454,-19.433,29.536,-0.32796,-0.97314,1.0577,-0.10947,0.75194,-0.46702,0.45222
4.5394e+05,-11.224,8.0468,1.173,87.023,-19.387,43.82,-0.32796,-1.0478,1.0345,-0.12525,0.74654,-0.47015,0.45381
4.5396e+05,-8.9156,11.273,-0.8198,76.214,-17.167,72.081,-0.26344,-0.9674,1.0184,-0.14187,0.73843,-0.47659,0.45548
4.5397e+05,-6.82,11.33,-0.81032,38.096,-6.2409,114.69,-0.24194,-0.94557,0.97369,-0.15565,0.72734,-0.48944,0.4552
4.5399e+05,-5.8507,11.87,-1.3494,32.13,1.1758,161.12,-0.16129,-0.92435,0.99076,-0.17107,0.71241,-0.5066,0.45449
4.54e+05,-6.2999,11.073,-1.386,22.461,3.1228,196.35,-0.080645,-0.86007,0.98016,-0.18716,0.69519,-0.52663,0.45204
4.5402e+05,-7.8599,10.87,-0.99399,-14.033,-3.6976,223.34,-0.032258,-0.84392,0.96909,-0.20156,0.67745,-0.55011,0.44476
4.5404e+05,-8.3976,8.1278,-0.44848,-57.856,-3.5085,243.94,0.026882,-0.84937,0.98027,-0.21132,0.6604,-0.57611,0.43279
4.5405e+05,-8.6453,3.7092,-1.5192,-54.929,4.2303,264.44,0.096774,-0.78555,1.0146,-0.21968,0.64281,-0.60109,0.42098
4.5407e+05,-10.523,-0.76384,0.0076172,-42.998,11.982,283.69,0.17742,-0.7426,0.99819,-0.22812,0.62367,-0.62641,0.40817
4.5408e+05,-12.754,-1.6818,1.7713,11.24,0.87443,281.17,0.2957,-0.55551,1.0057,-0.24226,0.60393,-0.6471,0.39728
4.541e+05,-14.011,-1.8926,4.5157,51.253,8.2705,255.76,0.34409,-0.53362,0.95534,-0.25693,0.58428,-0.66347,0.39039
4.5411e+05,-19.478,-2.7791,7.2112,3.6167,9.9692,223.28,0.42473,-0.46427,0.97289,-0.26673,0.56802,-0.68047,0.37838
4.5413e+05,-16.482,-3.7195,7.9064,-48.008,-29.53,160.94,0.44624,-0.43737,0.9563,-0.27128,0.56158,-0.69311,0.36144
4.5414e+05,-9.4877,-9.1005,5.4406,41.183,-9.203,103.88,0.41935,-0.40512,0.93977,-0.27559,0.55618,-0.69726,0.35853
4.5416e+05,-9.8576,-10.812,7.9258,46.111,-23.387,38.309,0.43011,-0.39465,0.96235,-0.27834,0.55725,-0.69615,0.35688
4.5418e+05,-6.8898,-12.227,6.0257,23.005,-39.938,-35.345,0.43011,-0.38913,0.94555,-0.27689,0.56696,-0.68963,0.35539
4.5419e+05,-3.2061,-13.699,4.5056,37.41,-52.303,-109.27,0.36022,-0.42589,0.87776,-0.27376,0.58332,-0.67577,0.35797
4.5421e+05,-0.90666,-12.819,4.1519,56.801,-50.188,-179.05,0.36022,-0.45853,0.93362,-0.26838,0.60482,-0.65474,0.36536
4.5422e+05,-0.46193,-9.3219,2.4564,58.089,-52.379,-245.32,0.25269,-0.58619,0.86492,-0.25959,0.63131,-0.62691,0.37556
4.5424e+05,0.56075,-5.6599,0.696,42.162,-42.217,-303.03,0.19355,-0.62379,0.8814,-0.24522,0.66122,-0.59372,0.38749
4.5425e+05,0.42267,-3.0106,-0.95359,-0.8767,-15.906,-345.11,0.043011,-0.73535,0.80725,-0.22185,0.69176,-0.55901,0.3997
4.5427e+05,-0.96548,-3.6019,-0.5276,-71.997,2.7411,-376.81,-0.10753,-0.83671,0.78377,-0.18826,0.72235,-0.52616,0.40733
4.5429e+05,-1.99,-5.4511,-0.78525,-97.72,0.45124,-403.23,-0.2043,-0.84763,0.80613,-0.15103,0.75234,-0.49179,0.41148
4.543e+05,-4.3871,-6.4984,-0.89199,-99.876,-5.0788,-423.53,-0.37097,-0.9333,0.81651,-0.11365,0.78057,-0.45526,0.41295
4.5432e+05,-7.2098,-5.0638,-0.83358,-92.276,-40.209,-427.52,-0.47849,-1.0082,0.82138,-0.080789,0.80749,-0.41731,0.40901
4.5433e+05,-7.0213,-5.119,1.2159,-116.08,-46.985,-430.31,-0.73656,-1.0404,0.82668,-0.045635,0.83245,-0.37931,0.40133
4.5435e+05,-8.9364,-9.5993,3.4291,-145.43,-56.98,-395.07,-0.97849,-1.0411,0.8997,-0.0091506,0.85459,-0.34502,0.38803
4.5436e+05,-9.0174,-12.313,7.6301,-153.85,-45.647,-332.15,-1.0753,-1.0141,0.87188,0.025528,0.87149,-0.31692,0.37338
4.5438e+05,-10.214,-16.359,7.409,-37.75,-29.406,-257.05,-1.2258,-1.0419,0.98396,0.04325,0.88369,-0.29035,0.36457
4.5439e+05,-6.2158,-15.168,5.7259,45.471,-8.7559,-160,-1.2688,-0.99949,1.0181,0.04635,0.89011,-0.27082,0.36361
4.5441e+05,-2.7587,-17.53,6.3393,134.18,30.801,-51.213,-1.3548,-1.0153,0.99546,0.036382,0.89063,-0.25882,0.3721
4.5443e+05,-0.26929,-14.014,3.6042,122.45,53.149,41.894,-1.4086,-1.0096,0.96181,0.023189,0.88525,-0.25889,0.38572
4.5444e+05,-3.2269,-12.84,3.9116,111.82,93.883,135.36,-1.3495,-0.98232,0.90591,0.007179,0.87466,-0.27091,0.40189
4.5446e+05,-23.832,3.1719,-14.195,182.62,160.87,346.77,-1.2796,-1.0895,0.92731,-0.032572,0.8503,-0.3047,0.42789
4.5447e+05,-19.791,24.354,-3.9423,-200.06,1.6568,252.5,-1.1935,-1.0732,0.905,-0.029011,0.83776,-0.34938,0.41863
4.5449e+05,-4.0114,-24.504,13.426,-442.59,120.52,204.9,-1.0376,-1.1228,1.0506,0.020123,0.82207,-0.39805,0.40663
4.545e+05,-2.8552,-24.983,7.6614,140.99,33.251,201.57,-0.99462,-1.097,1.1407,-0.00036003,0.81013,-0.41302,0.41606
4.5452e+05,-9.8228,-12.975,9.6756,254.6,65.66,163.07,-0.86022,-1.0965,1.0958,-0.03282,0.79695,-0.41874,0.4341
4.5454e+05,-13.881,-4.9934,7.4137,112.4,43.044,121.8,-0.73118,-1.1817,1.0556,-0.050717,0.78641,-0.42925,0.44129
4.5455e+05,-13.966,-5.9013,10.307,-104.2,27.339,109.92,-0.65054,-1.1761,1.0276,-0.044866,0.77886,-0.45089,0.43365
4.5457e+05,-16.494,-20.72,6.7604,47.241,11.079,61.123,-0.53226,-1.0913,1.1127,-0.050748,0.77558,-0.45683,0.43268
4.5458e+05,-17.624,-9.3739,6.3565,75.563,-0.32069,49.415,-0.48387,-1.0697,1.0904,-0.062278,0.77219,-0.46088,0.43293
4.546e+05,-18.559,-6.4459,4.0753,32.733,-9.2125,31.473,-0.44086,-1.0586,1.0512,-0.069664,0.77018,-0.46591,0.42999
4.5461e+05,-22.196,-4.0121,0.96683,35.987,-14.435,35.827,-0.35484,-1.0589,1.0737,-0.079624,0.76758,-0.47163,0.42667
4.5463e+05,-19.862,0.55125,1.843,72.649,-17.311,33.446,-0.31183,-0.98952,1.0912,-0.093922,0.76425,-0.47485,0.42617
4.5464e+05,-16.643,6.1739,1.329,80.999,-16.386,32.542,-0.27957,-1.0213,1.0572,-0.10951,0.75969,-0.4776,0.42752
4.5466e+05,-14.178,7.6915,0.81466,68.832,-18.524,36.009,-0.24731,-0.96763,1.0409,-0.12394,0.75471,-0.48117,0.4284
4.5468e+05,-10.936,9.3179,1.1766,75.67,-21.399,45.079,-0.17742,-0.96729,1.0072,-0.13937,0.74876,-0.48495,0.42984
4.5469e+05,-8.1976,10.34,0.4913,54.479,-18.792,73.458,-0.19355,-0.92997,1.0188,-0.15336,0.74071,-0.49246,0.43049
4.5471e+05,-6.6711,11.113,0.28539,41.268,-9.4775,119.12,-0.1129,-0.88191,1.0249,-0.16785,0.72909,-0.50478,0.43064
4.5472e+05,-6.7907,12.78,0.61411,6.6945,-3.7932,161.36,-0.069892,-0.8765,1.0193,-0.18101,0.71471,-0.5228,0.42791
4.5474e+05,-7.0587,11.819,0.035558,16.57,-4.8421,192.35,-0.010753,-0.87121,1.025,-0.19663,0.69786,-0.54189,0.42506
4.5475e+05,-7.6668,12.392,-0.5672,-9.4763,-5.3208,220.1,0.080645,-0.8017,1.0257,-0.21197,0.67983,-0.56271,0.41983
4.5477e+05,-7.908,9.3992,-0.2622,-72.24,4.0446,245.43,0.12903,-0.76399,0.99798,-0.21952,0.66319,-0.58702,0.40915
4.5479e+05,-9.2707,2.8578,-1.1485,-81.246,3.2607,269.63,0.17204,-0.72149,1.0265,-0.22471,0.64666,-0.61244,0.39528
4.548e+05,-10.383,-2.2115,-0.21029,-42.853,1.0881,277.74,0.23118,-0.60397,1.0389,-0.23241,0.62883,-0.63601,0.38215
4.5482e+05,-12.493,-2.834,0.17203,34.452,-2.9974,266.94,0.32258,-0.52382,1.0453,-0.2467,0.60974,-0.65356,0.37446
4.5483e+05,-14.05,-3.1936,4.0926,78.38,-3.7365,252.99,0.3871,-0.50227,1.0287,-0.2635,0.58986,-0.66801,0.36932
4.5485e+05,-17.672,-1.2355,7.1001,30.75,6.4066,206.38,0.44624,-0.45369,0.98423,-0.27382,0.57479,-0.68154,0.36076
4.5486e+05,-16.19,-2.3916,4.6817,-9.1722,-31.043,144.32,0.47849,-0.41075,0.9678,-0.2804,0.569,-0.69,0.34858
4.5488e+05,-9.9381,-8.7762,7.9213,-29.164,-7.2274,101.17,0.48925,-0.336,0.97979,-0.27892,0.56635,-0.69765,0.33873
4.5489e+05,-9.5192,-14.583,6.1445,41.608,-16.58,34.46,0.46237,-0.32525,0.97428,-0.2801,0.56737,-0.69698,0.33743
4.5491e+05,-6.8144,-14.192,6.2478,60.033,-35.68,-41.856,0.45699,-0.39977,0.93982,-0.28076,0.57581,-0.68844,0.3401
4.5493e+05,-3.2778,-13.877,3.961,66.968,-38.69,-121.7,0.4086,-0.39977,0.93982,-0.2783,0.59133,-0.67255,0.34721
4.5494e+05,-1.0428,-12.228,3.4336,77.774,-32.709,-193.94,0.37097,-0.48521,0.92773,-0.27258,0.61224,-0.64964,0.35893
4.5496e+05,-0.27316,-9.5243,2.155,74.085,-29.015,-261.15,0.27957,-0.53874,0.93281,-0.2625,0.63805,-0.62023,0.37322
4.5497e+05,0.32036,-6.8448,0.65765,59.968,-17.426,-314.78,0.17204,-0.59705,0.88167,-0.24689,0.66657,-0.5859,0.38916
4.5499e+05,0.33783,-3.1956,-0.83581,32.352,3.4995,-348.47,0.11828,-0.68232,0.85273,-0.22484,0.6952,-0.54914,0.40569
4.55e+05,-0.59613,-0.60355,-1.2168,-41.219,22.941,-370.48,0,-0.85332,0.83978,-0.19293,0.72293,-0.51497,0.41828
4.5502e+05,-2.8739,-2.0057,-1.0849,-128.06,25.035,-394.16,-0.25806,-0.92784,0.80533,-0.15194,0.75036,-0.4849,0.42278
4.5504e+05,-5.6678,-3.8534,-2.035,-161.2,15.039,-417.39,-0.29032,-0.94923,0.80511,-0.10801,0.77735,-0.45378,0.42207
4.5505e+05,-7.6439,-4.2839,-1.2036,-189.36,-20.903,-425.05,-0.53763,-1.0889,0.86552,-0.063909,0.80403,-0.42239,0.41356
4.5507e+05,-7.8636,-8.7732,2.3878,-188.55,-55.528,-423.87,-0.65591,-1.0731,0.89376,-0.021243,0.83047,-0.3888,0.39837
4.5508e+05,-7.3881,-10.426,2.3279,-173.3,-74.184,-393.82,-0.87634,-1.0469,0.94459,0.016862,0.85322,-0.35609,0.3807
4.551e+05,-8.5612,-13.443,7.6715,-169.59,-59.444,-340.94,-1.129,-1.0853,1.0397,0.052258,0.87098,-0.32759,0.36243
4.5511e+05,-10.667,-19.573,8.7819,-35.551,-54.334,-265.6,-1.1774,-1.0319,1.0515,0.068694,0.88514,-0.29964,0.34932
4.5513e+05,-4.7594,-13.929,5.1746,60.637,-20.934,-157.82,-1.3548,-1.0106,1.0629,0.067613,0.89174,-0.28023,0.34886
4.5514e+05,-2.062,-17.034,6.1946,115.79,26.402,-43.913,-1.3817,-1.0428,1.0738,0.058317,0.89208,-0.27047,0.35726
4.5516e+05,0.50179,-15.612,4.4031,140.23,46.821,25.409,-1.4086,-1.0212,1.046,0.043651,0.8881,-0.26757,0.37118
4.5518e+05,-1.1396,-10.673,-2.1422,174.21,59.736,91.885,-1.3763,-1.0901,0.9891,0.019364,0.87924,-0.27198,0.39062
4.5519e+05,-8.2806,1.4064,18.148,43.902,184.88,256.65,-1.3817,-1.0687,0.9837,0.0039272,0.85919,-0.30357,0.41185
4.5521e+05,-24.697,24.248,-0.75148,-141.57,-46.943,338.45,-1.1774,-1.1492,1.0166,-0.0056792,0.84517,-0.35465,0.39986
4.5522e+05,-0.18161,-19.092,6.5783,-399.95,135.02,228.58,-1.1398,-1.1227,1.0393,0.038916,0.82519,-0.40252,0.39438
4.5524e+05,-6.1084,-24.974,2.2434,25.654,27.692,236.02,-0.98925,-1.1726,1.213,0.029195,0.81114,-0.42776,0.39776
4.5525e+05,-9.579,-18.929,6.486,207.97,47.656,191.49,-0.91398,-1.1675,1.2411,0.00056764,0.79827,-0.43882,0.41255
4.5527e+05,-9.3785,-10.643,12.197,66.218,51.784,146.45,-0.78495,-1.1666,1.1569,-0.011285,0.78657,-0.45348,0.41897
4.5529e+05,-10.681,-11.57,10.922,4.6802,47.631,107.19,-0.65054,-1.1558,1.1457,-0.014456,0.77746,-0.46723,0.42077
4.553e+05,-18.915,-14.167,11.247,1.5089,34.528,76.121,-0.5914,-1.1503,1.1289,-0.01693,0.77139,-0.47809,0.41963
4.5532e+05,-19.854,-11.774,8.8042,76.794,11.293,58.875,-0.49462,-1.0489,1.1468,-0.028676,0.76727,-0.48285,0.4211
4.5533e+05,-18.285,-7.0265,5.0963,-11.93,5.1045,48.914,-0.45161,-1.0757,1.1522,-0.03203,0.76359,-0.49198,0.41697
4.5535e+05,-20.936,-8.3287,0.96037,43.73,-7.3035,29.173,-0.38172,-1.0598,1.1692,-0.041613,0.76155,-0.49595,0.41515
4.5536e+05,-21.264,-1.549,1.9285,82.522,-13.049,32.721,-0.27957,-1.038,1.1301,-0.057375,0.75848,-0.49834,0.41603
4.5538e+05,-18.327,5.239,1.6764,97.747,-18.857,29.58,-0.26344,-1.0058,1.1192,-0.075677,0.75465,-0.49946,0.41871
4.5539e+05,-14.713,7.1566,1.3341,79.984,-19.298,24.96,-0.23656,-0.9629,1.1027,-0.09161,0.7507,-0.50088,0.42093
4.5541e+05,-11.531,9.3831,1.3761,95.573,-20.513,31.067,-0.22043,-1.011,1.1022,-0.10917,0.74554,-0.50185,0.42475
4.5543e+05,-9.4716,12.051,0.086032,64.15,-21.506,60.814,-0.16667,-0.99949,1.0181,-0.12536,0.73803,-0.50742,0.42676
4.5544e+05,-6.7154,12.181,-0.43932,37.196,-10.578,104.96,-0.16129,-0.93571,1.0581,-0.13987,0.72695,-0.51839,0.42808
4.5546e+05,-6.2514,13.31,-0.71254,33.561,-3.3024,148.8,-0.069892,-0.88208,1.0417,-0.15641,0.71212,-0.53305,0.42927
4.5547e+05,-6.8944,13.057,-0.36007,19.378,-3.8216,186.97,0,-0.85005,1.0477,-0.17386,0.69497,-0.55098,0.42803
4.5549e+05,-7.2137,12.045,-0.75891,-19.326,-1.2996,216.75,0.021505,-0.8178,1.0311,-0.18832,0.67656,-0.57232,0.42339
4.555e+05,-7.6825,7.7448,-1.6741,-57.074,2.7223,245.04,0.11828,-0.73241,1.0489,-0.19883,0.65908,-0.59483,0.41504
4.5552e+05,-9.2705,2.3246,-1.4911,-80.706,4.837,267.36,0.16667,-0.7059,1.0716,-0.20515,0.64225,-0.61968,0.40179
4.5554e+05,-11.541,-2.4812,-1.2246,-22.204,-0.031041,270.14,0.21505,-0.68992,1.0774,-0.21555,0.6241,-0.64129,0.39088
4.5555e+05,-11.555,-4.2469,0.93837,77.007,-22.92,260.75,0.30108,-0.61489,1.0613,-0.23472,0.60516,-0.65566,0.38575
4.5557e+05,-11.655,-2.1354,1.8862,186.24,15.824,241.23,0.30645,-0.50249,1.0512,-0.25809,0.58191,-0.66311,0.39377
4.5558e+05,-16.688,1.5605,4.0897,135.6,7.3471,197.47,0.41398,-0.43219,0.97321,-0.27758,0.56436,-0.66935,0.39549
4.556e+05,-16.728,0.65132,7.1645,5.5725,-21.379,141.18,0.41935,-0.43737,0.9563,-0.28529,0.55784,-0.67774,0.38484
4.5561e+05,-9.8496,-6.8734,6.7605,-53.473,-4.2805,95.768,0.44624,-0.42668,0.95641,-0.28212,0.55685,-0.68632,0.37322
4.5563e+05,-9.8637,-13.236,6.4317,40.913,4.2347,36.219,0.48387,-0.42651,0.93956,-0.28185,0.55703,-0.68636,0.37308
4.5564e+05,-7.941,-14.2,5.9593,45.685,-23.787,-29.166,0.41935,-0.42099,0.92276,-0.28089,0.56446,-0.68004,0.37421
4.5566e+05,-3.9399,-13.559,4.3792,36.278,-34.677,-106.65,0.4086,-0.49011,0.88274,-0.27599,0.57984,-0.66704,0.37771
4.5568e+05,-0.93409,-12.845,3.1273,52.699,-31.199,-180.45,0.34409,-0.52743,0.87113,-0.26799,0.6006,-0.64671,0.3863
4.5569e+05,0.013873,-10.172,2.5852,46.263,-23.924,-245.23,0.26882,-0.63392,0.82512,-0.25497,0.62604,-0.62063,0.39735
4.5571e+05,0.54144,-6.9078,1.0809,31.986,-19.037,-302.31,0.22043,-0.70338,0.81881,-0.23679,0.65512,-0.58916,0.40943
4.5572e+05,0.34391,-3.2721,-0.49916,0.17923,2.2678,-341.46,0.080645,-0.7672,0.78446,-0.21123,0.68458,-0.55562,0.42192
4.5574e+05,-0.68195,-3.1975,-0.44843,-84.033,23.621,-370.89,-0.091398,-0.95384,0.73203,-0.17439,0.71368,-0.5255,0.42907
4.5575e+05,-2.4253,-4.0895,-0.78804,-121.58,22.296,-397.95,-0.17204,-0.98626,0.76542,-0.13329,0.74222,-0.49484,0.43183
4.5577e+05,-4.995,-4.6871,-0.9161,-157.65,15.11,-419.51,-0.35484,-1.0296,0.82116,-0.089185,0.76971,-0.46382,0.4295
4.5579e+05,-8.3158,-5.7538,-0.0081659,-183.38,-22.349,-430.8,-0.46237,-1.0991,0.82047,-0.045536,0.79737,-0.43201,0.41892
4.558e+05,-8.9833,-8.7107,1.1122,-133.37,-55.117,-436.96,-0.70968,-1.1376,0.92121,-0.008767,0.82429,-0.39476,0.40574
4.5582e+05,-7.9875,-9.4565,2.2954,-103.66,-64.198,-412.56,-0.83333,-1.1378,0.94368,0.02238,0.84756,-0.35725,0.39181
4.5583e+05,-9.1219,-10.474,5.3101,-133.07,-46.88,-358.69,-1.0914,-1.1597,0.99402,0.054095,0.86532,-0.32622,0.37667
4.5585e+05,-12.077,-15.494,6.7966,-72.941,-49.85,-278.23,-1.3118,-1.0801,1.0622,0.074483,0.8794,-0.29978,0.36227
4.5586e+05,-7.11,-13.193,3.6644,4.9097,-30.122,-174.54,-1.3602,-1.1178,1.0843,0.07972,0.88703,-0.28178,0.35696
4.5588e+05,-3.1036,-15.153,6.1307,67.457,16.934,-71.443,-1.4839,-1.0428,1.0738,0.075572,0.88863,-0.27163,0.36172
4.5589e+05,-0.64162,-17.027,2.0402,116.11,34.196,18.405,-1.4839,-1.0213,1.0628,0.063406,0.88563,-0.26897,0.37322
4.5591e+05,-1.4849,-14.804,9.3552,112.71,102.39,124.84,-1.4785,-1.0586,1.0456,0.048046,0.87611,-0.27886,0.39033
4.5593e+05,-23.819,-4.8302,-6.6479,133.49,215.89,393.94,-1.3548,-1.096,1.0452,0.013219,0.8484,-0.32075,0.42091
4.5594e+05,-22.674,24.653,-11.137,-85.162,-67.486,228.18,-1.2581,-1.1973,1.0105,0.0024394,0.83982,-0.35519,0.41053
4.5596e+05,-3.5597,-24.785,6.6443,-502.24,115.39,223.55,-1.1075,-1.2041,1.1621,0.057498,0.82067,-0.40777,0.39612
4.5597e+05,-1.5469,-25.039,13.361,168.01,40.963,176.55,-1.0538,-1.1839,1.2747,0.035021,0.81041,-0.41856,0.40843
4.5599e+05,-14.277,-15.79,-1.1681,248.34,69.49,165.61,-0.91935,-1.2044,1.1902,0.0022443,0.79777,-0.42504,0.42766
4.56e+05,-12.478,-3.4198,7.5519,132.85,54.536,123.03,-0.7957,-1.166,1.0951,-0.018116,0.78658,-0.43438,0.43848
4.5602e+05,-13.33,-5.412,8.3548,-63.582,40.321,108.31,-0.75806,-1.1713,1.0838,-0.016455,0.77753,-0.45335,0.43549
4.5604e+05,-16.196,-18.801,6.5657,7.7338,16.085,66.804,-0.63978,-1.1236,1.1348,-0.019006,0.7736,-0.46228,0.43298
4.5605e+05,-15.882,-10.444,6.5319,87.518,8.813,50.764,-0.55914,-1.1128,1.1237,-0.031346,0.7699,-0.46553,0.43538
4.5607e+05,-18.726,-6.3116,3.8942,21.731,-0.56593,37.199,-0.48925,-1.0966,1.107,-0.038102,0.76718,-0.47184,0.43283
4.5608e+05,-21.189,-4.5192,1.4658,64.705,-6.8754,40.683,-0.48925,-1.1394,1.101,-0.050929,0.76382,-0.47638,0.4325
4.561e+05,-18.135,-0.84504,2.9548,64.749,-18.397,37.526,-0.39785,-1.0859,1.1071,-0.064381,0.76085,-0.48034,0.43155
4.5611e+05,-15.443,4.6393,2.3378,100.59,-16.148,29.782,-0.33871,-1.0055,1.0855,-0.081674,0.75695,-0.48138,0.43432
4.5613e+05,-14.52,7.2318,1.3247,83.599,-19.812,33.053,-0.32796,-1.0107,1.0685,-0.097742,0.75252,-0.48375,0.43605
4.5614e+05,-11.172,8.6009,0.68513,93.316,-21.718,41.703,-0.28495,-0.9835,1.0239,-0.11499,0.74688,-0.48617,0.43885
4.5616e+05,-8.388,11.418,-0.16247,80.63,-15.148,71.933,-0.26344,-0.98344,1.0183,-0.13209,0.73823,-0.49223,0.4419
4.5618e+05,-7.323,11.989,-0.085874,57.549,-4.7824,116.45,-0.19892,-0.92457,1.0132,-0.14846,0.7262,-0.50377,0.44364
4.5619e+05,-7.5055,11.459,0.26845,34.321,3.7914,159.92,-0.096774,-0.89795,1.0247,-0.16435,0.71123,-0.52035,0.44315
4.5621e+05,-7.9627,10.811,-0.043805,58.233,4.7697,194.77,-0.10215,-0.91382,1.0077,-0.18367,0.69294,-0.53811,0.44332
4.5622e+05,-8.5715,12.285,-0.45684,24.375,-0.8401,221.78,0.037634,-0.87071,0.97444,-0.20263,0.6736,-0.55861,0.4395
4.5624e+05,-9.3208,9.2117,-1.218,-45.505,-7.0371,241.17,0.05914,-0.85934,0.90714,-0.21465,0.6559,-0.58301,0.42874
4.5625e+05,-9.6255,2.9741,-0.93398,-50.323,-7.7289,259.81,0.16129,-0.75302,0.97,-0.22398,0.64,-0.60631,0.41548
4.5627e+05,-10.397,-0.31263,0.13387,-19.212,-0.90182,273.01,0.20968,-0.6781,0.96513,-0.23472,0.62211,-0.62832,0.40385
4.5629e+05,-12.573,-1.2085,0.95857,13.312,3.3775,273.41,0.28495,-0.60893,0.99953,-0.24785,0.60286,-0.64797,0.39403
4.563e+05,-14.361,-2.7666,4.9853,7.2001,8.7148,257.32,0.38172,-0.54437,0.96085,-0.25863,0.58452,-0.66696,0.38291
4.5632e+05,-19.14,-3.2105,6.7885,-19.763,-0.0040976,208.41,0.43548,-0.51763,0.96112,-0.26609,0.5711,-0.68342,0.36875
4.5633e+05,-15.223,-4.6354,5.6327,-40.594,-30.498,146.67,0.44624,-0.49596,0.93324,-0.26975,0.56601,-0.69404,0.35379
4.5635e+05,-9.4483,-8.829,3.9377,31.972,-23.983,84.076,0.46774,-0.41052,0.94533,-0.27377,0.56365,-0.69629,0.35004
4.5636e+05,-8.7261,-12.15,6.237,20.642,-33.224,19.972,0.43011,-0.45324,0.93929,-0.27428,0.56786,-0.69443,0.34651
4.5638e+05,-6.3438,-14.364,4.4917,31.002,-45.957,-51.168,0.4086,-0.51167,0.89938,-0.27306,0.57879,-0.6859,0.34638
4.5639e+05,-2.9825,-14.343,3.2846,55.309,-54.149,-128.88,0.39785,-0.53829,0.88788,-0.27071,0.59611,-0.66919,0.35151
4.5641e+05,-0.9738,-11.928,2.8469,69.019,-54.49,-200.48,0.34409,-0.5814,0.92115,-0.26581,0.61886,-0.64509,0.36085
4.5643e+05,0.055568,-8.024,1.2336,61.916,-50.328,-265.56,0.27419,-0.65047,0.87552,-0.25644,0.64624,-0.6146,0.37266
4.5644e+05,0.57363,-4.679,-1.0411,42.447,-35.219,-317.52,0.13441,-0.73067,0.87472,-0.24081,0.67576,-0.57976,0.38633
4.5646e+05,0.0026994,-2.6035,-1.8453,-8.0502,-9.338,-349.74,0.064516,-0.76776,0.84064,-0.21618,0.7055,-0.54442,0.39892
4.5647e+05,-2.0132,-2.7299,-2.192,-78.019,2.203,-377.13,-0.053763,-0.87465,0.83395,-0.18234,0.73503,-0.51101,0.40663
4.5649e+05,-2.8485,-4.1866,-1.2631,-121.29,-5.2833,-402.37,-0.24194,-0.98683,0.82159,-0.14379,0.76413,-0.478,0.40859
4.565e+05,-4.9726,-6.2261,-1.871,-142.39,-14.972,-426.2,-0.36559,-1.0248,0.87177,-0.103,0.7925,-0.44298,0.40633
4.5652e+05,-7.0808,-6.8905,0.25788,-128.71,-71.459,-430.62,-0.59677,-1.1051,0.88221,-0.067634,0.82108,-0.4054,0.39611
4.5654e+05,-3.7547,-5.7351,0.24245,-61.186,-66.498,-436.06,-0.76344,-1.1267,0.90446,-0.039256,0.84538,-0.36249,0.39038
4.5655e+05,-7.5588,-7.6464,5.86,-161.86,-66.653,-405.64,-0.96237,-1.0844,0.95545,-0.0015034,0.86722,-0.32716,0.37535
4.5657e+05,-11.921,-14.315,8.6172,-135.39,-57.638,-331.28,-1.1882,-1.069,1.0174,0.03005,0.88418,-0.29714,0.35922
4.5658e+05,-10.788,-18.821,5.4389,-16.96,-61.958,-238.4,-1.2742,-1.0853,1.0397,0.043352,0.89665,-0.27096,0.34745
4.566e+05,-4.2498,-14.362,8.8259,58.869,-11.055,-131.36,-1.3602,-1.0315,1.0122,0.042983,0.9015,-0.25408,0.34769
4.5661e+05,-1.312,-16.473,5.7619,133.27,27.16,-10.234,-1.4247,-1.0206,0.98979,0.030602,0.89988,-0.24741,0.35787
4.5663e+05,-0.043635,-15.754,3.4324,106.31,77.841,95.923,-1.4624,-1.0897,0.94978,0.018651,0.89128,-0.25454,0.37482
4.5664e+05,-11.241,-7.2592,-1.173,146.88,166.17,261.43,-1.414,-1.0844,0.95545,-0.011694,0.87154,-0.28255,0.40056
4.5666e+05,-24.608,23.546,-4.854,10.706,-11.024,310.79,-1.2903,-1.1217,0.93822,-0.035296,0.85787,-0.32194,0.39896
4.5668e+05,-0.36266,-9.1342,13.062,-462.73,127.67,221.99,-1.1505,-1.1548,1.0446,0.014867,0.84087,-0.37453,0.39044
4.5669e+05,-10.217,-24.96,-1.9783,-58.024,72.144,260.21,-1.0914,-1.1237,1.1404,0.016089,0.82382,-0.4074,0.39381
4.5671e+05,-5.8432,-21.072,13.538,262.68,83.61,168.98,-0.95699,-1.1453,1.1571,-0.014514,0.81064,-0.4131,0.41473
4.5672e+05,-14.189,-4.9934,8.3262,146.94,50.423,145.16,-0.8871,-1.139,1.0616,-0.037343,0.7985,-0.42461,0.42509
4.5674e+05,-11.518,-3.4914,10.79,-52.141,44.598,121.06,-0.7957,-1.182,1.0837,-0.036673,0.78854,-0.44454,0.42338
4.5675e+05,-13.565,-19.434,9.0556,5.7933,22.497,79.273,-0.64516,-1.0804,1.0903,-0.038215,0.78351,-0.45486,0.42162
4.5677e+05,-16.482,-11.981,7.1973,86.726,18.738,58.645,-0.5914,-1.0595,1.1355,-0.049581,0.77872,-0.45911,0.42469
4.5679e+05,-18.183,-7.2742,5.5767,37.705,2.066,42.904,-0.51613,-1.075,1.0791,-0.05721,0.77545,-0.46507,0.42321
4.568e+05,-17.836,-4.9735,5.1213,37.751,-2.6681,34.871,-0.46237,-1.0481,1.0682,-0.065122,0.77257,-0.47027,0.42158
4.5682e+05,-21.288,-0.37245,2.5424,56.528,-10.054,44.008,-0.39785,-1.0806,1.1072,-0.077926,0.76853,-0.47584,0.42056
4.5683e+05,-17.075,3.3508,0.28444,65.194,-14.316,43.69,-0.36559,-1.0643,1.0792,-0.092302,0.76351,-0.48081,0.42112
4.5685e+05,-15.46,5.2794,0.5006,42.804,-11.726,46.039,-0.33333,-1.0107,1.0742,-0.10417,0.75809,-0.48715,0.42088
4.5686e+05,-12.917,6.5621,0.38224,76.09,-17.519,53.44,-0.21505,-0.96245,1.0578,-0.1203,0.75168,-0.49183,0.42263
4.5688e+05,-10.691,8.9665,-0.029298,65.021,-16.431,68.974,-0.17742,-0.96234,1.0466,-0.13601,0.74368,-0.49846,0.42425
4.5689e+05,-8.5751,10.763,0.47971,33.202,-9.6579,105.16,-0.15054,-0.87144,1.0475,-0.14965,0.73317,-0.51003,0.42419
4.5691e+05,-8.0817,11.852,-0.63699,30.536,-2.9949,148.17,-0.12903,-0.91416,1.0414,-0.16501,0.71864,-0.52565,0.42428
4.5693e+05,-7.7807,11.347,-0.97639,16.388,-2.4777,184.91,-0.064516,-0.85551,1.0589,-0.18075,0.70171,-0.54432,0.42267
4.5694e+05,-8.3047,12.202,-0.50319,-2.2831,-1.0127,214.14,0.043011,-0.8339,1.0366,-0.19678,0.68306,-0.56506,0.41882
4.5696e+05,-9.2636,10.081,-1.4979,-38.001,1.343,236.52,0.10215,-0.78037,1.0315,-0.20997,0.66449,-0.5872,0.41178
4.5697e+05,-9.8807,4.9192,-1.7966,-56.665,-1.1374,251.13,0.12903,-0.67917,1.0719,-0.2189,0.6479,-0.60958,0.40091
4.5699e+05,-10.204,-0.4882,-0.40813,-28.713,4.1594,267.24,0.19355,-0.72729,1.0714,-0.2275,0.63003,-0.63167,0.39026
4.57e+05,-11.235,-2.1079,0.77018,18.455,12.933,270.25,0.27419,-0.57735,1.0504,-0.23918,0.61021,-0.65102,0.3829
4.5702e+05,-15.633,-2.8078,2.9481,46.533,9.7979,250.85,0.39247,-0.50778,1.0455,-0.25335,0.59093,-0.6674,0.37575
4.5704e+05,-19.292,-3.3075,7.7981,33.787,8.7066,210.98,0.39785,-0.48099,1.0401,-0.26442,0.5745,-0.68208,0.36715
4.5705e+05,-16.418,-2.9876,5.5168,3.1819,-14.628,150.73,0.43011,-0.41654,1.0127,-0.271,0.56645,-0.69158,0.35696
4.5707e+05,-10.615,-5.9897,5.4243,60.045,-2.1101,90.921,0.43011,-0.43804,1.0237,-0.27573,0.56135,-0.69383,0.357
4.5708e+05,-9.806,-9.0693,6.8835,48.328,-7.8836,23.834,0.41398,-0.43202,0.95635,-0.27646,0.56307,-0.69178,0.3577
4.571e+05,-7.1786,-11.574,6.2824,40.458,-14.775,-47.442,0.41935,-0.42105,0.92837,-0.27341,0.57204,-0.6843,0.36021
4.5711e+05,-4.2865,-13.028,4.5738,47.651,-23.5,-121.94,0.37097,-0.49568,0.90516,-0.2677,0.58778,-0.66987,0.36622
4.5713e+05,-2.0079,-12.348,4.7601,55.689,-23.928,-191.47,0.30108,-0.54375,0.89906,-0.25888,0.60904,-0.6488,0.37564
4.5714e+05,-1.4518,-8.8976,2.9447,65.125,-30.815,-255.74,0.27419,-0.6664,0.86412,-0.24791,0.63509,-0.62029,0.38787
4.5716e+05,-0.17111,-4.6483,1.241,43.895,-23.221,-310.8,0.12366,-0.69291,0.84139,-0.23099,0.66417,-0.58708,0.40108
4.5718e+05,-0.061116,-1.8029,-0.2596,-11.883,0.11284,-348.53,0.053763,-0.76186,0.78452,-0.20465,0.69408,-0.55311,0.41284
4.5719e+05,-1.1779,-2.8724,0.69444,-106.27,20.342,-377.6,-0.086022,-0.91135,0.76055,-0.16624,0.72402,-0.52302,0.41786
4.5721e+05,-2.5442,-4.8742,0.73304,-143.49,15.959,-406.38,-0.2957,-1.0294,0.80431,-0.12354,0.75338,-0.49224,0.41815
4.5722e+05,-4.9984,-5.6816,-0.25138,-145.12,0.012197,-426.98,-0.39247,-1.0725,0.83197,-0.081745,0.78154,-0.4586,0.41497
4.5724e+05,-6.3725,-5.2852,-1.0202,-130.25,-36.576,-438.09,-0.59677,-1.1802,0.90955,-0.044422,0.80871,-0.42188,0.40748
4.5725e+05,-5.805,-9.1518,2.0553,-132.87,-49.276,-444.39,-0.72043,-1.1699,0.94336,-0.0064525,0.83476,-0.38265,0.39587
4.5727e+05,-7.7275,-11.755,1.8895,-91.31,-60.884,-413.65,-1.0054,-1.1012,1.0339,0.024123,0.85724,-0.34302,0.38326
4.5729e+05,-9.5415,-11.567,6.9576,-124.1,-41.939,-347.31,-1.0968,-1.1388,1.0504,0.054517,0.87387,-0.3119,0.3689
4.573e+05,-12.571,-15.069,6.5429,-59.701,-42.8,-257.67,-1.2634,-1.0646,1.1129,0.072062,0.88638,-0.28684,0.35616
4.5732e+05,-5.4618,-14.318,4.3444,54.722,-19.896,-153.55,-1.4516,-1.0271,1.1077,0.071335,0.89274,-0.26812,0.35503
4.5733e+05,-1.6651,-16.074,4.5455,101.09,21.681,-47.754,-1.4677,-1.0165,1.119,0.06292,0.89304,-0.25868,0.36277
4.5735e+05,-1.4109,-13.289,1.8891,102.74,40.526,37.91,-1.4839,-1.0482,1.0738,0.04958,0.88843,-0.25994,0.37507
4.5736e+05,-3.237,-13.016,10.524,32.222,91.651,156.78,-1.5054,-1.1072,1.0901,0.041166,0.87805,-0.27835,0.38712
4.5738e+05,-23.661,4.4326,-3.5055,150.8,195.44,353.18,-1.3817,-1.1181,1.118,0.0058553,0.85287,-0.31479,0.41652
4.5739e+05,-22.923,20.168,1.7194,-260.38,-101.93,214.27,-1.2312,-1.2195,1.0945,0.014084,0.84686,-0.35853,0.39254
4.5741e+05,-5.7747,-24.838,-4.8724,-380.29,114.85,202.51,-1.172,-1.1779,1.2129,0.058426,0.82843,-0.40088,0.38676
4.5743e+05,-4.1956,-24.968,3.5879,256.25,37.13,196.84,-1.043,-1.1309,1.3258,0.025243,0.81759,-0.40929,0.40421
4.5744e+05,-13.542,-9.1321,5.7612,82.046,74.804,201.44,-0.98387,-1.1409,1.2526,0.0076772,0.80192,-0.42989,0.41479
4.5746e+05,-6.3301,-13.321,12.322,73.704,52.42,128.08,-0.85484,-1.194,1.2184,-0.0031772,0.79171,-0.44168,0.42202
4.5747e+05,-10.251,-11.028,9.6185,-5.8299,52.086,97.853,-0.74194,-1.2313,1.2012,-0.0047568,0.78295,-0.45518,0.42401
4.5749e+05,-19.298,-14.734,7.8043,34.384,29.82,65.984,-0.6828,-1.1937,1.1847,-0.010711,0.77788,-0.46316,0.42459
4.575e+05,-17.401,-8.4677,6.1991,90.156,12.739,49.976,-0.60753,-1.1988,1.1622,-0.023936,0.77376,-0.46666,0.42774
4.5752e+05,-16.583,-6.3462,4.6261,-7.9757,1.0211,40.194,-0.55914,-1.1453,1.1571,-0.027323,0.77076,-0.47488,0.42388
4.5754e+05,-19.247,-7.2746,2.1203,76.32,-5.6755,29.831,-0.47849,-1.0863,1.1408,-0.03994,0.76843,-0.4772,0.42451
4.5755e+05,-19.674,-0.11152,2.4527,86.835,-14.373,36.241,-0.42473,-1.1025,1.1575,-0.056119,0.76508,-0.47996,0.4256
4.5757e+05,-16.857,4.0463,1.6791,90.029,-18.945,41.786,-0.39785,-1.0863,1.1408,-0.073536,0.76065,-0.48308,0.42736
4.5758e+05,-13.64,5.6295,1.4621,77.324,-19.53,35.394,-0.2957,-1.0109,1.0854,-0.08906,0.7563,-0.48598,0.42884
4.576e+05,-11.74,6.9152,1.6144,92.365,-18.139,40.691,-0.28495,-0.98412,1.0857,-0.10589,0.75095,-0.48834,0.43173
4.5761e+05,-10.254,9.7877,-0.0046666,82.381,-17.375,62.513,-0.25269,-0.9678,1.0577,-0.12316,0.74335,-0.49336,0.43457
4.5763e+05,-8.4811,10.217,0.27037,40.954,-10.954,98.968,-0.2043,-0.95677,1.0241,-0.13729,0.73337,-0.50426,0.43479
4.5764e+05,-7.9646,12.115,0.0053633,42.631,-5.2326,143.18,-0.20968,-0.92491,1.0469,-0.15364,0.71949,-0.51899,0.43518
4.5766e+05,-6.7753,13.088,-0.91278,28.896,-2.5523,179.39,-0.091398,-0.9302,1.0413,-0.17086,0.70253,-0.53697,0.43466
4.5768e+05,-7.7877,11.747,-0.82787,6.6488,-3.8411,208.36,-0.026882,-0.89271,1.036,-0.18729,0.68426,-0.55761,0.43102
4.5769e+05,-9.1314,9.4447,-1.1655,-29.323,-4.5004,231.91,0.069892,-0.84414,0.99156,-0.20133,0.66606,-0.58027,0.42322
4.5771e+05,-9.5085,5.0571,-1.8035,-41.067,-0.042157,254.82,0.11828,-0.79084,1.0089,-0.2122,0.64836,-0.60296,0.41357
4.5772e+05,-10.492,0.60035,-1.0146,-27.065,1.5391,267.24,0.20968,-0.73213,1.0208,-0.22247,0.6309,-0.62471,0.40276
4.5774e+05,-11.171,-1.6639,0.34153,16.803,9.6507,264.86,0.22043,-0.70011,1.0267,-0.23436,0.61163,-0.64395,0.39537
4.5775e+05,-13.473,-1.8405,1.0637,68.453,10.654,247.72,0.33871,-0.59806,0.98278,-0.24991,0.59244,-0.65814,0.39168
4.5777e+05,-17.36,-3.1204,8.0964,23.497,14.549,224.98,0.41935,-0.55523,0.97759,-0.2603,0.57549,-0.67437,0.38246
4.5779e+05,-18.297,-2.7425,5.9583,-5.4948,-4.9483,156.84,0.4086,-0.49619,0.95571,-0.26648,0.56664,-0.68553,0.37142
4.578e+05,-12.822,-6.1971,5.6652,12.862,-14.145,107.15,0.47312,-0.4909,0.96138,-0.27025,0.56256,-0.69102,0.36466
4.5782e+05,-10.303,-10.295,8.2639,11.568,-9.7067,51.028,0.43548,-0.50154,0.95566,-0.26982,0.56315,-0.69299,0.3603
4.5783e+05,-8.0921,-13.187,5.7752,42.918,-24.355,-20.95,0.43011,-0.49579,0.91639,-0.26918,0.57002,-0.68718,0.36111
4.5785e+05,-4.9085,-13.791,4.7287,60.756,-38.349,-101.28,0.41935,-0.57065,0.91564,-0.26697,0.58421,-0.67327,0.36624
4.5786e+05,-1.8348,-13.754,4.0369,71.745,-38.211,-173.2,0.37097,-0.55951,0.87081,-0.26182,0.6041,-0.65239,0.37536
4.5788e+05,-0.52183,-11.008,2.6799,91.007,-41.352,-240.55,0.26344,-0.66105,0.86418,-0.25458,0.62851,-0.62381,0.38861
4.5789e+05,0.48932,-7.4436,0.94251,83.342,-31.058,-297.91,0.24194,-0.7197,0.84674,-0.24244,0.65615,-0.58945,0.40402
4.5791e+05,0.3866,-4.1508,-0.38704,47.534,-11.436,-341.31,0.053763,-0.84251,0.82865,-0.2223,0.68466,-0.55313,0.41937
4.5793e+05,-0.29316,-1.7519,-1.9361,-5.9564,9.7662,-369.04,-0.010753,-0.91157,0.78302,-0.19382,0.71241,-0.5174,0.43267
4.5794e+05,-1.4596,-2.3508,-1.7489,-92.397,18.968,-394.33,-0.16129,-0.98103,0.77671,-0.15556,0.73995,-0.48539,0.43894
4.5796e+05,-3.017,-4.3171,-3.0131,-125.02,16.247,-417.95,-0.3871,-1.0882,0.79811,-0.11347,0.76639,-0.45286,0.44124
4.5797e+05,-5.7694,-4.4025,-2.1017,-151.06,-13.312,-424.39,-0.50538,-1.11,0.83721,-0.071551,0.7924,-0.42036,0.43621
4.5799e+05,-6.7149,-5.8061,-1.7156,-135.38,-38.511,-426.84,-0.73118,-1.1959,0.87006,-0.033056,0.81705,-0.38546,0.42749
4.58e+05,-8.5526,-8.0949,2.1588,-195.05,-51.392,-409.36,-0.82796,-1.1804,0.93202,0.0099343,0.83989,-0.35435,0.411
4.5802e+05,-9.1767,-11.225,4.808,-167.48,-61.856,-356.68,-1.1075,-1.1441,1.0447,0.046139,0.85882,-0.32574,0.39267
4.5804e+05,-11.037,-13.213,7.8298,-130.91,-51.613,-286.85,-1.3118,-1.0484,1.0963,0.073814,0.87302,-0.30189,0.37583
4.5805e+05,-9.5519,-17.493,5.6211,-9.818,-48.147,-183.75,-1.3602,-1.0433,1.1244,0.082465,0.88305,-0.28275,0.36534
4.5807e+05,-2.7584,-14.465,7.2013,82.33,5.7769,-80.494,-1.4785,-1.0593,1.113,0.076324,0.88598,-0.27093,0.36852
4.5808e+05,-0.87931,-14.839,6.2043,81.775,35.742,16.727,-1.4892,-1.0751,1.096,0.067204,0.88334,-0.27022,0.37706
4.581e+05,-1.0142,-14.94,6.3706,85.344,85.621,118.01,-1.5054,-1.0909,1.0677,0.054836,0.87436,-0.28076,0.392
4.5811e+05,-15.739,-7.2699,-4.6036,154.16,201.64,297.58,-1.4624,-1.1336,1.0561,0.0222,0.85118,-0.31047,0.42263
4.5813e+05,-24.649,24.384,-3.2557,-7.8064,-69.994,282.2,-1.3065,-1.1279,1.028,-0.0013413,0.84104,-0.34728,0.41478
4.5814e+05,1.5171,-18.192,9.7489,-448.97,133.92,201.02,-1.1667,-1.22,1.1395,0.048934,0.82218,-0.39542,0.40653
4.5816e+05,-10.966,-24.945,-4.2989,8.5583,21.69,244.65,-1.0914,-1.1997,1.252,0.039433,0.80828,-0.42246,0.40824
4.5818e+05,-11.848,-17.231,8.8417,240.52,44.53,180.32,-0.96237,-1.2096,1.1733,0.0064531,0.79681,-0.43054,0.4239
4.5819e+05,-11.112,-7.595,11.801,107.02,44.472,134.16,-0.90323,-1.2358,1.1225,-0.010716,0.78621,-0.44194,0.4318
4.5821e+05,-10.42,-7.9594,12.346,-63.271,46.34,107.51,-0.77957,-1.2035,1.1003,-0.0074951,0.77704,-0.46013,0.42945
4.5822e+05,-16.359,-19.21,9.4997,30.26,22.12,68.045,-0.67204,-1.2039,1.134,-0.01208,0.77263,-0.46791,0.4289
4.5824e+05,-18.048,-9.6981,7.8551,84.36,10.351,53.737,-0.65054,-1.1184,1.1461,-0.024572,0.76866,-0.47185,0.43118
4.5825e+05,-17.534,-5.6198,4.2022,18.245,1.25,37.061,-0.55914,-1.1126,1.1012,-0.03081,0.76563,-0.47835,0.429
4.5827e+05,-18.784,-7.1753,3.6199,16.432,0.52922,28.533,-0.52688,-1.1233,1.0955,-0.036206,0.76332,-0.484,0.42635
4.5829e+05,-20.082,-2.0024,2.1045,101.43,-12.29,33.359,-0.44624,-1.0539,1.1131,-0.053243,0.76017,-0.48547,0.42851
4.583e+05,-15.977,4.1047,1.6042,76.617,-7.4574,32.943,-0.44624,-1.0379,1.1132,-0.067775,0.75573,-0.48843,0.43095
4.5832e+05,-14.517,5.6097,1.3447,86.365,-12.283,26.647,-0.34946,-1.0161,1.0741,-0.083248,0.75151,-0.48998,0.43384
4.5833e+05,-12.145,6.7296,1.476,82.031,-18,35.469,-0.3172,-1.0532,1.0456,-0.098655,0.74668,-0.49253,0.43607
4.5835e+05,-10.534,9.9736,0.64499,67.164,-18.579,56.857,-0.25806,-1.0158,1.046,-0.11419,0.73995,-0.49789,0.43765
4.5836e+05,-8.1788,10.343,0.15418,28.576,-15.238,88.811,-0.18817,-0.98367,1.0407,-0.12715,0.73112,-0.5083,0.43695
4.5838e+05,-6.9304,10.654,-0.3724,30.553,-5.5143,129.31,-0.18817,-0.96206,1.0185,-0.14145,0.71845,-0.52224,0.43714
4.5839e+05,-6.7688,11.553,-1.0726,32.066,-4.0197,169.37,-0.12903,-0.87633,1.0025,-0.15831,0.70242,-0.53899,0.43707
4.5841e+05,-7.1219,11.572,-0.89526,14.268,-4.3783,198.7,-0.043011,-0.83384,1.031,-0.17528,0.68477,-0.55806,0.43467
4.5843e+05,-7.8987,11.206,-0.42476,-25.103,-6.3845,225.36,-0.010753,-0.87645,1.0137,-0.18942,0.66634,-0.58057,0.42785
4.5844e+05,-8.5865,7.4169,-1.4936,-77.649,-2.1063,251.61,0.13441,-0.79641,1.0314,-0.19894,0.64949,-0.60438,0.4163
4.5846e+05,-9.5896,1.6689,-0.87439,-82.181,1.1314,273.85,0.16129,-0.75375,1.043,-0.2053,0.63234,-0.62976,0.40174
4.5847e+05,-12.073,-1.7764,-0.28307,-34.291,5.4587,280.83,0.24731,-0.65226,1.0553,-0.21526,0.61337,-0.65257,0.38936
4.5849e+05,-13.786,-2.3094,1.2969,30.056,-3.1088,268.82,0.2957,-0.57183,1.0336,-0.23041,0.5937,-0.6703,0.38096
4.585e+05,-15.102,-3.6902,6.3542,58.828,13.945,244.76,0.33871,-0.56643,1.028,-0.244,0.5736,-0.68576,0.37574
4.5852e+05,-20.975,-1.9686,6.373,7.0756,3.293,186.03,0.41398,-0.48617,1.0232,-0.25331,0.56034,-0.69898,0.36508
4.5854e+05,-13.799,-4.7243,6.1883,-10.636,-25,126.56,0.43548,-0.48594,1.0008,-0.25765,0.55554,-0.70659,0.35458
4.5855e+05,-10.164,-9.8616,6.4865,46.995,6.3017,70.064,0.46237,-0.45375,0.98984,-0.2593,0.55232,-0.70854,0.3545
4.5857e+05,-9.1348,-11.981,7.3069,44.382,-24.085,-2.8165,0.47312,-0.37861,0.96251,-0.26003,0.55754,-0.70431,0.35422
4.5858e+05,-4.9029,-13.819,5.0658,50.715,-30.973,-78.768,0.4086,-0.51735,0.93303,-0.25756,0.5699,-0.69328,0.35811
4.586e+05,-2.0705,-13.251,4.7263,64.973,-36.102,-153.93,0.36022,-0.56519,0.90446,-0.25281,0.58872,-0.6749,0.36608
4.5861e+05,-0.34278,-11.013,3.3684,73.408,-33.674,-221.01,0.3172,-0.63476,0.90938,-0.24494,0.61261,-0.64968,0.37766
4.5863e+05,-0.0094043,-7.984,2.0526,58.111,-30.524,-282.87,0.17742,-0.73596,0.86904,-0.2317,0.64094,-0.61902,0.39028
4.5864e+05,0.47449,-4.761,-0.25973,49.273,-14.207,-332.43,0.16129,-0.73596,0.86904,-0.21344,0.67107,-0.58313,0.40507
4.5866e+05,-0.33203,-1.9558,-1.0952,-8.4734,7.7837,-364.31,0.032258,-0.84268,0.84551,-0.18587,0.70096,-0.54744,0.41763
4.5868e+05,-1.6256,-3.1783,-0.86732,-88.889,17.408,-389.78,-0.096774,-0.91197,0.82234,-0.14872,0.7305,-0.5148,0.42337
4.5869e+05,-3.2282,-5.3458,-1.5797,-126.47,14.162,-411.16,-0.25806,-0.95542,0.88932,-0.10763,0.75894,-0.48205,0.42433
4.5871e+05,-6.1809,-5.952,-1.2298,-141.2,-17.435,-423,-0.48387,-1.1104,0.88215,-0.067812,0.78673,-0.44851,0.41869
4.5872e+05,-5.6394,-5.6649,-1.342,-130.8,-46.128,-426.39,-0.63441,-1.1323,0.9325,-0.031354,0.81294,-0.41276,0.4096
4.5874e+05,-7.9597,-9.583,2.7764,-140.29,-65.361,-415.61,-0.83871,-1.1061,0.98332,0.0046149,0.83802,-0.37697,0.39445
4.5875e+05,-8.1145,-10.821,4.5094,-126.39,-68.72,-366.19,-1,-1.2027,1.0161,0.035564,0.85839,-0.34496,0.37802
4.5877e+05,-9.8876,-14.554,8.8881,-121.8,-47.718,-297.44,-1.1505,-1.059,1.0849,0.063283,0.87351,-0.3188,0.36241
4.5879e+05,-9.2967,-15.375,5.0545,12.004,-44.727,-196.33,-1.328,-1.0916,1.1352,0.069348,0.88384,-0.2975,0.35428
4.588e+05,-3.4755,-13.385,6.976,40.352,7.7255,-95.131,-1.3656,-1.0695,1.068,0.069101,0.88654,-0.28636,0.35674
4.5882e+05,-0.4375,-18.545,4.0391,103.27,36.019,0.22424,-1.4355,-1.0536,1.085,0.060786,0.88439,-0.28185,0.36704
4.5883e+05,-1.2598,-14.314,-0.33646,189.28,58.2,70.962,-1.4355,-1.0376,1.0907,0.03744,0.87767,-0.28211,0.38563
4.5885e+05,-7.6571,-5.4471,15.098,84.624,143.87,215.39,-1.3978,-1.144,1.0335,0.019514,0.86187,-0.30574,0.40413
4.5886e+05,-24.516,19.794,-7.5894,41.702,24.129,367.71,-1.3226,-1.1547,1.0334,-0.0096438,0.84261,-0.34944,0.40964
4.5888e+05,-1.8697,-1.1652,6.1142,-375.16,102.26,217.95,-1.1505,-1.2404,1.0438,0.025018,0.82326,-0.39883,0.40318
4.5889e+05,-7.1029,-24.92,-2.8744,-227.73,109.61,246.61,-1.0699,-1.1675,1.2411,0.047795,0.80261,-0.43818,0.40191
4.5891e+05,-3.4054,-25.017,12.897,351.07,85.239,160.19,-0.96774,-1.1411,1.2751,0.0091942,0.79071,-0.43618,0.42946
4.5893e+05,-12.359,-6.9428,12.409,88.412,49.892,146.82,-0.7957,-1.1771,1.1287,-0.0068337,0.77905,-0.44982,0.43669
4.5894e+05,-12.177,-5.0343,10.768,55.835,33.943,110.17,-0.76344,-1.1664,1.1288,-0.018245,0.76993,-0.46147,0.44035
4.5896e+05,-16.961,-14.349,10.651,-91.865,29.104,83.149,-0.67742,-1.1343,1.1291,-0.011494,0.76396,-0.47839,0.43287
4.5897e+05,-18.979,-13.705,7.6129,124.53,2.2041,53.99,-0.53763,-1.1451,1.1402,-0.028039,0.76079,-0.47953,0.43641
4.5899e+05,-19.388,-6.9981,4.8084,24.354,1.5755,46.449,-0.55376,-1.1449,1.1178,-0.035249,0.75737,-0.48652,0.4341
4.59e+05,-20.304,-6.2478,3.2526,52.285,-1.4646,35.877,-0.41398,-1.102,1.1126,-0.045511,0.7545,-0.49079,0.43335
4.5902e+05,-22.288,-0.64589,3.2767,66.61,-9.6062,45.212,-0.41398,-1.0752,1.1016,-0.059572,0.75057,-0.49551,0.4331
4.5904e+05,-17.577,4.7636,1.1851,98.604,-15.979,40.838,-0.33871,-1.0215,1.0797,-0.077774,0.74584,-0.49771,0.43585
4.5905e+05,-14.604,7.2864,0.66176,76.673,-17.847,36.938,-0.27419,-1.0427,1.057,-0.093565,0.74101,-0.50065,0.4376
4.5907e+05,-11.572,8.9268,0.62415,83.607,-24.289,41.513,-0.22043,-1.037,1.0233,-0.11043,0.73565,-0.50331,0.43966
4.5908e+05,-8.9309,10.15,0.50616,60.786,-26.005,60.117,-0.22043,-0.96217,1.0297,-0.12557,0.72908,-0.50873,0.44031
4.591e+05,-7.0277,10.91,0.74967,40.66,-18.846,106.56,-0.19892,-0.9996,1.0293,-0.1403,0.71891,-0.51969,0.43978
4.5911e+05,-6.9709,12.974,0.49377,18.711,-8.9962,152.21,-0.14516,-0.90853,1.0134,-0.15522,0.70493,-0.53585,0.438
4.5913e+05,-7.1309,12.315,0.38919,14.988,-7.2325,187.86,-0.12903,-0.89254,1.0192,-0.17106,0.68824,-0.55468,0.43519
4.5914e+05,-7.8198,12.957,0.17185,-4.6086,-5.5269,218.94,-0.0053763,-0.84971,1.014,-0.1875,0.66956,-0.57571,0.43021
4.5916e+05,-8.3432,10.687,-0.22957,-59.361,-2.1088,245.36,0.069892,-0.79078,1.0033,-0.19916,0.65137,-0.59953,0.42025
4.5918e+05,-8.812,5.1244,-0.5188,-106.61,8.8045,271.39,0.12903,-0.77508,1.0372,-0.20361,0.63408,-0.62622,0.40537
4.5919e+05,-10.449,-0.78112,-0.63038,-70.573,12.884,278.73,0.18817,-0.66825,1.0495,-0.20934,0.61566,-0.65093,0.39171
4.5921e+05,-12.077,-2.8573,-0.73971,15.674,10.169,269.43,0.26344,-0.71637,1.049,-0.22125,0.5958,-0.66927,0.3849
4.5922e+05,-12.864,-4.7976,1.0402,103.55,10.068,248.14,0.36022,-0.57729,1.0448,-0.23866,0.57498,-0.68131,0.38503
4.5924e+05,-16.726,-2.3448,6.7731,85.421,7.2166,202.56,0.36559,-0.55512,0.96636,-0.25316,0.55816,-0.69137,0.38259
4.5925e+05,-16.531,-1.3608,6.1343,34.257,-13.85,143.16,0.41935,-0.54414,0.93838,-0.26213,0.54995,-0.69819,0.37599
4.5927e+05,-10.362,-5.5214,6.4074,-11.802,-13.009,91.019,0.45161,-0.44283,0.96748,-0.26294,0.54814,-0.70351,0.36807
4.5929e+05,-9.8433,-11.228,6.8134,26.422,-2.5913,31.801,0.46774,-0.51206,0.9387,-0.26199,0.54974,-0.70339,0.36658
4.593e+05,-7.4169,-13.928,6.1239,26.978,-29.845,-41.782,0.43548,-0.43709,0.92821,-0.25967,0.55955,-0.6968,0.366
4.5932e+05,-3.577,-15.178,4.5112,33.276,-32.872,-118.74,0.39785,-0.51167,0.89938,-0.25389,0.57627,-0.68333,0.36947
4.5933e+05,-1.2146,-14.401,3.4704,47.828,-36.01,-195.06,0.3172,-0.5863,0.87616,-0.24534,0.59918,-0.66223,0.37716
4.5935e+05,0.18799,-11.087,2.7705,50.375,-31.22,-263.95,0.26882,-0.71463,0.87488,-0.23266,0.62701,-0.63421,0.38796
4.5936e+05,0.55448,-7.3362,1.2454,36.842,-23.323,-322.62,0.19355,-0.7251,0.8523,-0.21459,0.65833,-0.60047,0.39999
4.5938e+05,0.079013,-3.9917,-0.74997,18.901,-3.4568,-366.01,0.0053763,-0.91754,0.84476,-0.19018,0.68937,-0.56354,0.41355
4.5939e+05,-0.64099,-2.7964,-1.4922,-46.942,13.662,-393.9,-0.026882,-0.98666,0.80474,-0.15666,0.71985,-0.52753,0.42307
4.5941e+05,-2.1375,-3.9099,-2.6147,-87.763,21.491,-415.24,-0.25269,-1.0245,0.84369,-0.11836,0.74796,-0.49268,0.42874
4.5943e+05,-5.4722,-6.0624,-1.6696,-126.75,4.636,-438.74,-0.46774,-1.1261,0.84829,-0.07706,0.77616,-0.45746,0.42703
4.5944e+05,-6.048,-7.2437,-2.41,-74.985,-19.684,-444.83,-0.58065,-1.132,0.89879,-0.042943,0.80247,-0.41725,0.42438
4.5946e+05,-7.491,-4.137,0.11264,-112.12,-33.076,-433.29,-0.83333,-1.1591,0.93223,-0.0080432,0.8261,-0.37994,0.41611
4.5947e+05,-11.233,-6.4453,4.028,-206.97,-54.357,-389.81,-0.93548,-1.165,0.98835,0.033103,0.84723,-0.35143,0.397
4.5949e+05,-13.281,-11.626,6.6064,-184.64,-65.389,-324.11,-1.1398,-1.1334,1.0448,0.06767,0.86447,-0.32721,0.37555
4.595e+05,-11.452,-15.022,6.6268,-92.523,-66.952,-243.73,-1.2634,-1.1288,1.1123,0.087218,0.87763,-0.30622,0.35831
4.5952e+05,-5.2515,-12.443,6.1484,-40.107,-25.288,-134.68,-1.4086,-1.0276,1.1583,0.095504,0.88304,-0.29497,0.35231
4.5954e+05,-0.17407,-19.382,5.1418,50.92,22.435,-28.901,-1.4731,-1.0112,1.1247,0.093484,0.88258,-0.28967,0.35834
4.5955e+05,0.524,-18.806,5.4919,142.21,55.721,46.027,-1.4839,-0.9902,1.1586,0.07795,0.87856,-0.28841,0.37266
4.5957e+05,-1.7527,-9.2072,0.67353,198,47.261,88.452,-1.4892,-1.059,1.0905,0.048793,0.87187,-0.29141,0.39058
4.5958e+05,-5.1378,0.54217,16.255,51.897,143.47,194.44,-1.4355,-1.107,1.0788,0.034183,0.85588,-0.31448,0.40915
4.596e+05,-24.558,19.834,-5.493,-55.263,64.023,374.87,-1.3387,-1.1921,1.033,0.017318,0.83326,-0.36404,0.41576
4.5961e+05,0.35685,-9.975,8.8315,-370.4,113.1,230.84,-1.1344,-1.2097,1.1789,0.053115,0.81232,-0.41215,0.4092
4.5963e+05,-10.341,-24.939,-4.2203,-109.51,84.689,251.97,-1.1022,-1.1409,1.2583,0.059626,0.79289,-0.44553,0.41142
4.5964e+05,-7.8819,-21.94,10.485,359.33,86.423,181.73,-0.95699,-1.1727,1.2242,0.017923,0.7799,-0.44507,0.4397
4.5966e+05,-9.4878,-5.9498,11.099,48.492,57.395,162.35,-0.87097,-1.2735,1.1502,0.0056324,0.76637,-0.46231,0.44601
4.5968e+05,-6.9687,-11.25,10.685,4.1991,51.008,113.46,-0.75269,-1.22,1.1451,0.0022043,0.75642,-0.47613,0.44846
4.5969e+05,-16.111,-16.194,11.846,-19.724,37.569,79.151,-0.67742,-1.1936,1.1735,0.0021662,0.75012,-0.48792,0.44636
4.5971e+05,-20.346,-11.221,7.865,115.22,9.4478,58.233,-0.58065,-1.1558,1.1457,-0.014013,0.74627,-0.49,0.45032
4.5972e+05,-18.021,-6.0258,5.2896,-23.037,0.49485,50.74,-0.52151,-1.0967,1.1182,-0.017052,0.74278,-0.49999,0.44498
4.5974e+05,-18.008,-9.1874,3.1738,29.232,-5.5815,30.367,-0.47312,-1.086,1.1127,-0.024055,0.7411,-0.50443,0.44243
4.5975e+05,-20.992,-3.7919,2.1016,76.944,-12.398,38.992,-0.45161,-1.1023,1.1407,-0.03864,0.73821,-0.50743,0.4428
4.5977e+05,-17.666,3.6271,2.5464,76.918,-10.062,34.122,-0.36559,-1.0915,1.1239,-0.053649,0.73444,-0.50999,0.44455
4.5979e+05,-15.447,4.7225,1.3265,90.213,-10.156,28.9,-0.32258,-1.0591,1.0962,-0.069569,0.73042,-0.51107,0.44772
4.598e+05,-12.701,6.5575,1.059,90.002,-12.717,32.721,-0.27419,-0.99436,1.0406,-0.085602,0.7258,-0.51229,0.45105
4.5982e+05,-10.185,9.0457,1.097,88.556,-14.271,46.583,-0.27957,-0.97838,1.0464,-0.10205,0.71978,-0.51472,0.45449
4.5983e+05,-7.9168,10.737,0.11254,67.102,-8.3743,83.492,-0.2043,-0.98361,1.0351,-0.11824,0.71053,-0.52179,0.45705
4.5985e+05,-7.5558,12.493,-0.74581,41.725,-4.5595,125.81,-0.1828,-0.96752,1.0297,-0.13436,0.6979,-0.53416,0.45777
4.5986e+05,-6.7697,10.982,-1.3434,29.036,-4.0106,162.48,-0.12903,-0.9351,0.99627,-0.15075,0.68275,-0.54986,0.45692
4.5988e+05,-7.2561,10.534,-0.89493,29.243,-5.174,194.17,-0.037634,-0.88151,0.98557,-0.169,0.66574,-0.56705,0.45463
4.5989e+05,-7.9949,10.286,-1.1819,-27.528,-2.3785,220.71,0.0053763,-0.88737,1.0361,-0.18302,0.64823,-0.58848,0.44721
4.5991e+05,-8.3536,5.9197,-1.5424,-57.202,-1.883,242.53,0.086022,-0.81217,1.0031,-0.19312,0.63202,-0.61081,0.43608
4.5993e+05,-8.918,1.3738,-1.1718,-45.292,1.07,260.36,0.14516,-0.78538,0.99776,-0.20236,0.6152,-0.63272,0.42455
4.5994e+05,-10.697,-0.61551,-0.36614,-11.515,4.0038,266.45,0.26344,-0.66262,1.0215,-0.21434,0.59738,-0.65225,0.41445
4.5996e+05,-12.175,-1.5782,0.52511,33.644,7.0908,258.53,0.25806,-0.67861,1.0157,-0.22841,0.57818,-0.6686,0.40805
4.5997e+05,-14.558,-3.279,6.0265,46.631,17.267,237.79,0.37634,-0.53418,1.0115,-0.2414,0.55922,-0.68372,0.40191
4.5999e+05,-20.505,-2.552,6.6489,-3.4382,3.5559,174.75,0.39785,-0.5285,0.97786,-0.2495,0.54752,-0.69668,0.39065
4.6e+05,-14.939,-5.4871,5.7234,-8.2962,-26.726,120.03,0.43548,-0.51229,0.96117,-0.25465,0.54342,-0.70392,0.37992
4.6002e+05,-10.442,-10.355,7.9968,15.153,-4.7046,73.128,0.45161,-0.43726,0.94507,-0.25565,0.54157,-0.70752,0.37517
4.6004e+05,-9.9879,-13.184,7.19,44.532,-27.836,-1.0073,0.46774,-0.41581,0.93966,-0.25698,0.54688,-0.70349,0.37414
4.6005e+05,-6.4645,-13.704,5.3766,66.621,-44.866,-81.076,0.39785,-0.48488,0.89403,-0.25689,0.55985,-0.6912,0.37791
4.6007e+05,-2.7222,-13.099,3.5044,83.006,-46.083,-154.57,0.34946,-0.52214,0.8768,-0.25405,0.57882,-0.67154,0.3866
4.6008e+05,-0.78663,-10.863,2.5943,98.264,-41.765,-219.75,0.28495,-0.58107,0.88745,-0.24827,0.60229,-0.645,0.39948
4.601e+05,-0.065533,-8.1971,1.3511,89.802,-33.41,-274.23,0.21505,-0.69291,0.84139,-0.23761,0.62917,-0.6134,0.41403
4.6011e+05,-0.074112,-4.4265,-0.10525,71.57,-20.31,-320.34,0.096774,-0.76197,0.79575,-0.2211,0.65774,-0.57806,0.42933
4.6013e+05,-0.43053,-0.87307,-0.9287,11.583,0.19838,-349.86,-0.016129,-0.83103,0.75012,-0.19568,0.68615,-0.54381,0.4418
4.6014e+05,-1.4456,-1.5285,-2.2587,-79.146,14.996,-372.57,-0.11828,-0.86829,0.73289,-0.15978,0.71423,-0.51359,0.44784
4.6016e+05,-2.4749,-3.9007,-0.20833,-147.2,11.014,-391.84,-0.28495,-1.0021,0.74841,-0.11714,0.74239,-0.48588,0.44616
4.6018e+05,-5.6994,-4.0108,-2.1814,-142.5,-7.0543,-405.47,-0.48925,-1.0669,0.80394,-0.076848,0.76889,-0.45592,0.44162
4.6019e+05,-7.132,-4.5638,-0.75551,-177.23,-46.237,-412.94,-0.58065,-1.099,0.80923,-0.035876,0.7959,-0.42602,0.42868
4.6021e+05,-6.2382,-8.2059,2.1568,-147.93,-60.07,-411.89,-0.83871,-1.1316,0.85947,0.0018228,0.82131,-0.39255,0.41395
4.6022e+05,-6.8524,-10.51,5.1035,-145.18,-67.839,-374.61,-0.98387,-1.1481,0.90987,0.036315,0.84309,-0.36161,0.39639
4.6024e+05,-9.225,-12.862,8.6466,-114.98,-45.358,-312.43,-1.1774,-1.0951,0.94972,0.064334,0.85942,-0.33471,0.38109
4.6025e+05,-9.7091,-18.194,5.9981,-6.0407,-46.612,-236.42,-1.3226,-1.0631,0.9669,0.076233,0.87239,-0.30954,0.37054
4.6027e+05,-3.7044,-14.754,7.0564,110.67,-8.9667,-136.94,-1.3925,-1.0205,0.97856,0.069865,0.8788,-0.2899,0.37255
4.6029e+05,-1.8429,-14.493,4.8125,141.25,29.386,-32.161,-1.4516,-1.0682,0.93876,0.056487,0.8784,-0.28067,0.38268
4.603e+05,-2.5625,-13.598,2.3926,114.07,56.732,73.371,-1.4892,-1.068,0.91629,0.04175,0.87174,-0.28527,0.39617
4.6032e+05,-13.677,-9.0985,-0.16751,92.538,169.39,270.92,-1.4301,-1.1052,0.89344,0.018661,0.8513,-0.31542,0.41886
4.6033e+05,-24.462,22.224,-11.504,162.96,-65.457,335.34,-1.371,-1.1799,0.88146,-0.026831,0.8381,-0.34778,0.41943
4.6035e+05,-0.56334,-1.5041,13.256,-530.78,101.1,223.93,-1.1828,-1.1638,0.876,0.026203,0.81988,-0.40608,0.40276
4.6036e+05,-9.0864,-24.944,-2.4849,-212.98,115.38,277.46,-1.0645,-1.1933,1.1454,0.045652,0.79709,-0.44815,0.40215
4.6038e+05,-0.5313,-25.057,17.407,339.47,75.022,164.19,-1.0054,-1.1879,1.1454,0.0081869,0.78506,-0.44732,0.4284
4.6039e+05,-13.019,-7.3894,8.8441,90.322,55.132,142.48,-0.88172,-1.1761,1.0276,-0.0073114,0.77281,-0.46049,0.43666
4.6041e+05,-14.386,-5.1015,10.395,84.745,40.448,105.79,-0.83333,-1.1762,1.0444,-0.021125,0.76328,-0.47011,0.44268
4.6043e+05,-16.449,-12.631,8.8779,-105.85,37.093,88.449,-0.70968,-1.1658,1.067,-0.013017,0.75611,-0.48859,0.4352
4.6044e+05,-17.548,-16.585,6.7671,157.91,8.8833,47.367,-0.65054,-1.1388,1.0448,-0.030943,0.7529,-0.48674,0.44188
4.6046e+05,-17.807,-4.2905,6.3694,29.986,6.2848,45.601,-0.55376,-1.1173,1.0338,-0.038391,0.74892,-0.49334,0.44075
4.6047e+05,-18.11,-5.3422,5.139,33.587,-5.8632,31.783,-0.47849,-1.0746,1.0398,-0.046106,0.7466,-0.4981,0.43859
4.6049e+05,-20.098,-2.2312,3.0177,61.804,-21.258,40.75,-0.44086,-1.0425,1.0458,-0.059447,0.74377,-0.5023,0.43701
4.605e+05,-16.796,2.5214,1.797,74.713,-18.533,37.176,-0.37097,-0.99436,1.0406,-0.074325,0.73996,-0.50531,0.43771
4.6052e+05,-15.497,5.567,0.97299,66.738,-23.407,35.161,-0.34409,-1.0261,1.001,-0.08885,0.7359,-0.50862,0.43801
4.6054e+05,-12.394,6.2632,0.31218,73.682,-26.653,39.006,-0.28495,-0.98879,1.0182,-0.10418,0.73131,-0.51146,0.43903
4.6055e+05,-10.438,8.7181,0.68159,55.747,-25.489,54.734,-0.24731,-0.9566,1.0073,-0.1184,0.72539,-0.51665,0.43916
4.6057e+05,-8.465,10.385,0.58547,24.72,-20.028,88.167,-0.18817,-0.9566,1.0073,-0.13106,0.7169,-0.52664,0.43763
4.6058e+05,-7.575,11,-0.24286,29.752,-12.235,129.12,-0.15054,-0.95119,1.0017,-0.14599,0.70447,-0.53983,0.43702
4.606e+05,-6.7205,11.854,-0.62337,10.043,-8.3368,169.79,-0.13978,-0.86598,1.0363,-0.16074,0.68904,-0.55693,0.43499
4.6061e+05,-6.7432,12.308,-0.92026,7.6587,-5.9474,200.36,-0.05914,-0.87065,0.96882,-0.17693,0.6709,-0.57568,0.43264
4.6063e+05,-7.7507,11.662,-0.82835,-22.245,1.7629,229.21,0.069892,-0.81239,1.0256,-0.19204,0.65216,-0.59586,0.4275
4.6064e+05,-8.6644,7.1926,-1.0991,-58.243,10.282,255.59,0.086022,-0.77497,1.026,-0.20145,0.63382,-0.61882,0.41802
4.6066e+05,-10.03,1.4771,-0.42288,-70.155,16.881,275.27,0.17204,-0.72149,1.0265,-0.20769,0.61548,-0.64343,0.40502
4.6068e+05,-12.644,-2.3423,-0.36673,-14.877,15.672,279.64,0.22581,-0.61472,1.0444,-0.21839,0.59513,-0.66507,0.39472
4.6069e+05,-14.029,-2.5025,2.0757,41.469,-0.4496,262.86,0.3172,-0.56598,0.9831,-0.2338,0.5754,-0.68133,0.38736
4.6071e+05,-17.176,-3.7119,6.4538,69.178,9.5165,233.7,0.33871,-0.48617,1.0232,-0.24878,0.55562,-0.69513,0.38235
4.6072e+05,-19.599,-0.66014,6.1709,16.504,-11.098,168.26,0.40323,-0.46968,0.97845,-0.25891,0.5448,-0.70529,0.37245
4.6074e+05,-11.19,-3.8488,6.6207,-11.936,-29.127,114.64,0.39247,-0.42684,0.97326,-0.26262,0.5414,-0.7117,0.36249
4.6075e+05,-8.8131,-9.9024,8.2586,10.322,7.1611,57.475,0.41935,-0.43743,0.96192,-0.26069,0.54052,-0.71468,0.35933
4.6077e+05,-8.929,-12.953,7.1426,24.834,-21.267,-16.847,0.42473,-0.3942,0.91741,-0.25883,0.54761,-0.71064,0.35795
4.6079e+05,-5.1763,-13.82,6.0871,33.695,-32.771,-93.56,0.4086,-0.45291,0.90558,-0.25458,0.56223,-0.69952,0.36023
4.608e+05,-2.5758,-12.998,4.5672,58.393,-37.76,-167.54,0.34946,-0.57043,0.89317,-0.24875,0.58285,-0.68051,0.36785
4.6082e+05,-1.497,-9.5462,3.1185,62.23,-37.524,-234.84,0.22581,-0.60763,0.87033,-0.23945,0.60876,-0.65481,0.37855
4.6083e+05,-0.62461,-5.9376,1.6693,34.836,-32.256,-291.77,0.19892,-0.70354,0.83566,-0.22422,0.63908,-0.62431,0.38927
4.6085e+05,-0.3557,-3.1079,-0.54066,-8.5037,-9.0629,-334.22,0.053763,-0.77294,0.82373,-0.20039,0.67058,-0.59185,0.39985
4.6086e+05,-1.9048,-3.8195,-0.44278,-105.3,12.592,-368.66,-0.026882,-0.82101,0.81763,-0.16371,0.70329,-0.5617,0.40382
4.6088e+05,-3.1758,-6.3725,-0.071387,-146.39,3.8791,-402,-0.17742,-0.9494,0.82197,-0.12224,0.73601,-0.5307,0.40213
4.6089e+05,-4.4352,-7.7797,-0.85709,-134.61,-8.3967,-425.4,-0.39247,-1.0249,0.88863,-0.082313,0.76696,-0.49599,0.39873
4.6091e+05,-5.1947,-7.2422,-1.7027,-97.86,-42.512,-438.71,-0.52151,-1.0785,0.89371,-0.048898,0.79642,-0.45685,0.39321
4.6093e+05,-4.6108,-9.0594,1.3332,-87.015,-48.829,-448.45,-0.76882,-1.1112,0.95518,-0.016244,0.82416,-0.41462,0.38548
4.6094e+05,-6.7737,-9.7647,1.4009,-35.628,-58.759,-424.67,-0.87634,-1.106,0.97209,0.0077267,0.84815,-0.3715,0.37758
4.6096e+05,-8.1866,-10.197,5.3945,-89.203,-40.712,-371.32,-1.0914,-1.0959,1.034,0.035223,0.86676,-0.33615,0.36674
4.6097e+05,-11.416,-13.845,6.0486,-34.261,-38.179,-283.29,-1.2258,-1.1011,1.0171,0.0516,0.88068,-0.30731,0.3568
4.6099e+05,-7.7793,-12.553,4.881,-0.50308,-22.47,-164.74,-1.3441,-1.0588,1.0624,0.057813,0.8876,-0.29054,0.35272
4.61e+05,-2.6626,-15.305,4.6396,93.735,18.515,-59.388,-1.4301,-1.0483,1.085,0.051319,0.88833,-0.2804,0.36001
4.6102e+05,0.77449,-14.76,3.5951,86.924,45.773,32.212,-1.4409,-1.0424,1.0289,0.042989,0.88336,-0.28105,0.37261
4.6104e+05,-1.244,-10.329,-1.3085,115.11,59.249,96.439,-1.4462,-1.0421,1.0064,0.025799,0.87404,-0.2889,0.38978
4.6105e+05,-2.7265,-6.9897,13.312,-48.281,108.8,203.61,-1.4409,-1.0692,1.0343,0.024535,0.85921,-0.31784,0.40017
4.6107e+05,-23.759,13.482,-7.3437,37.153,186.07,326.37,-1.3441,-1.182,1.0837,0.0051798,0.83226,-0.35646,0.42457
4.6108e+05,-17.492,3.5101,13.21,-325.05,-63.635,208.55,-1.1505,-1.1719,1.1512,0.023237,0.82399,-0.40285,0.39776
4.611e+05,-8.7743,-24.929,-2.4334,-302.69,99.706,213.57,-1.0753,-1.173,1.2523,0.055555,0.80536,-0.44252,0.3905
4.6111e+05,-9.1623,-24.923,-5.9312,392.2,41.352,188.72,-0.93548,-1.1629,1.3198,0.0094942,0.79399,-0.44163,0.41768
4.6113e+05,-11.508,-2.7765,1.5078,22.423,67.219,200.75,-0.87097,-1.1726,1.2186,-0.0032948,0.77608,-0.46562,0.42531
4.6114e+05,-5.7588,-17.529,9.3575,-0.33811,51.35,124.36,-0.77419,-1.242,1.2067,-0.0047224,0.7658,-0.48031,0.42759
4.6116e+05,-10.966,-17.209,9.899,42.124,37.832,85.651,-0.69892,-1.2206,1.2013,-0.010125,0.75882,-0.48877,0.43034
4.6118e+05,-21.323,-11.029,9.6283,59.922,25.564,61.391,-0.60753,-1.1936,1.1735,-0.019557,0.75365,-0.49485,0.43216
4.6119e+05,-19.693,-5.9613,6.9242,52.507,12.138,53.024,-0.51075,-1.1772,1.1455,-0.029624,0.74903,-0.50074,0.43282
4.6121e+05,-17.698,-7.0291,3.4997,-20.087,11.149,44.397,-0.50538,-1.0702,1.141,-0.031467,0.74513,-0.50973,0.42892
4.6122e+05,-22.066,-5.4033,1.1952,95.178,-1.774,41.195,-0.37634,-1.0491,1.1693,-0.047377,0.74137,-0.51187,0.43141
4.6124e+05,-19.73,3.6042,1.5616,76.066,-5.7419,49.01,-0.34409,-1.1183,1.1349,-0.063261,0.73597,-0.51617,0.43349
4.6125e+05,-16.501,5.3649,0.67177,85.838,-9.4224,36.51,-0.29032,-1.0325,1.1077,-0.079566,0.73101,-0.5183,0.43664
4.6127e+05,-13.018,6.2645,0.77584,93.98,-16.779,39.872,-0.25806,-1.0164,1.1078,-0.096767,0.72579,-0.51985,0.44002
4.6129e+05,-10.979,8.9401,1.1121,82.881,-22.444,50.97,-0.19892,-0.96819,1.0971,-0.11387,0.71985,-0.52273,0.44227
4.613e+05,-9.3131,11.03,1.1015,47.978,-22.146,84.97,-0.19355,-0.99459,1.0631,-0.12913,0.71146,-0.53087,0.44195
4.6132e+05,-7.4959,13.069,0.18827,12.009,-16.433,127.1,-0.14516,-0.98902,1.0407,-0.1431,0.69963,-0.5447,0.43971
4.6133e+05,-6.2692,10.991,-0.47086,4.1005,-9.9783,159.3,-0.10753,-0.89288,1.0529,-0.15677,0.68544,-0.56071,0.43726
4.6135e+05,-6.9025,10.258,-0.96645,18.86,-8.799,186.35,-0.080645,-0.8769,1.0586,-0.17283,0.66894,-0.57714,0.4354
4.6136e+05,-7.2013,10.072,-0.99539,-28.262,-1.3061,211.2,0,-0.82343,1.0592,-0.18511,0.65202,-0.59656,0.4298
4.6138e+05,-8.1524,4.9148,-2.0685,-42.369,2.2008,237.71,0.1129,-0.73247,1.0545,-0.1952,0.63595,-0.61623,0.42156
4.6139e+05,-10.348,0.72998,-1.6383,-38.112,-2.3048,252.56,0.12903,-0.69493,1.0436,-0.20504,0.61938,-0.63699,0.41058
4.6141e+05,-12.319,-1.6773,-0.68213,30.33,-5.9744,253.99,0.22581,-0.70039,1.0548,-0.22025,0.60143,-0.65342,0.40349
4.6143e+05,-10.146,-2.8971,0.29126,97.648,-6.7,246.06,0.28495,-0.63104,1.0723,-0.23879,0.58221,-0.66473,0.40267
4.6144e+05,-13.096,-1.0134,4.0999,136.96,22.623,225.52,0.34409,-0.56114,1.0337,-0.2572,0.56145,-0.67347,0.40627
4.6146e+05,-18.687,1.9269,5.6999,79.003,3.3545,168.4,0.4086,-0.49095,0.967,-0.27136,0.54833,-0.6806,0.40309
4.6147e+05,-14.9,-0.72322,7.4221,-53.166,-22.221,114.23,0.41935,-0.45893,0.97294,-0.27286,0.54648,-0.68995,0.38841
4.6149e+05,-9.5813,-9.2285,7.1733,-62.581,-4.0943,71.295,0.42473,-0.48032,0.97272,-0.26771,0.54776,-0.69739,0.37675
4.615e+05,-9.868,-14.121,7.0854,31.488,-18.654,3.412,0.45161,-0.49608,0.94448,-0.26716,0.55252,-0.69468,0.37519
4.6152e+05,-6.8494,-14.486,6.3409,35.935,-44.919,-68.516,0.35484,-0.53322,0.91602,-0.26524,0.56511,-0.68506,0.37548
4.6154e+05,-3.139,-13.995,3.7082,49.771,-56.113,-150.05,0.37097,-0.55439,0.89333,-0.26102,0.58511,-0.66709,0.38013
4.6155e+05,-0.57933,-12.882,3.4798,62.055,-48.725,-221.5,0.25269,-0.6611,0.86979,-0.25286,0.60994,-0.64224,0.38932
4.6157e+05,0.14169,-10.326,2.2957,70.622,-44.049,-285.13,0.1828,-0.75735,0.86883,-0.24109,0.63853,-0.61058,0.40168
4.6158e+05,0.28536,-5.3738,-0.13522,78.095,-30.207,-336.49,0.13441,-0.75161,0.82956,-0.22565,0.66848,-0.57264,0.41751
4.616e+05,-0.1046,-1.6969,-1.1505,3.7069,-4.6981,-367.93,-0.043011,-0.9275,0.77162,-0.19918,0.69803,-0.53672,0.43013
4.6161e+05,-1.1609,-3.5011,-1.0466,-103.21,11.513,-397.34,-0.15591,-0.96516,0.79372,-0.15992,0.72834,-0.50491,0.43476
4.6163e+05,-2.7369,-6.9356,-1.8558,-129.36,13.655,-420.83,-0.31183,-1.0455,0.80415,-0.11682,0.75734,-0.47198,0.43591
4.6164e+05,-4.4556,-5.5412,-1.5578,-131.76,-12.049,-426.92,-0.56989,-1.0673,0.84326,-0.076076,0.78456,-0.43777,0.43248
4.6166e+05,-6.4672,-6.1859,1.1506,-156.93,-29.156,-434.83,-0.65054,-1.1426,0.89307,-0.034279,0.81087,-0.40314,0.42284
4.6168e+05,-9.7907,-11.379,2.451,-134.35,-49.742,-418.97,-0.92473,-1.1488,0.97728,0.0031119,0.83538,-0.36699,0.4092
4.6169e+05,-9.3811,-13.084,5.1127,-105.11,-52.009,-371.07,-1.0591,-1.1331,1.0111,0.034087,0.85549,-0.33311,0.39499
4.6171e+05,-10.859,-15.254,8.4256,-48.347,-36.536,-299.08,-1.2366,-1.1386,1.0223,0.054812,0.87056,-0.30326,0.38361
4.6172e+05,-9.3149,-10.782,4.2689,28.397,-30.074,-190.21,-1.3011,-1.08,1.0454,0.058092,0.87956,-0.28274,0.37822
4.6174e+05,-4.6388,-12.64,6.9356,30.647,14.359,-71.239,-1.4086,-1.0479,1.0513,0.058139,0.88131,-0.2749,0.37994
4.6175e+05,-0.0010431,-15.23,3.4501,69.121,49.897,22.444,-1.4624,-1.032,1.0571,0.052122,0.877,-0.275,0.39055
4.6177e+05,-0.10742,-14.2,0.42319,141.19,68.14,87.772,-1.4785,-1.0798,1.0285,0.034663,0.86891,-0.27908,0.40732
4.6179e+05,-3.4876,-8.9904,11.405,51.58,143.05,207.11,-1.3763,-1.1117,1.0057,0.022245,0.85298,-0.30242,0.42481
4.618e+05,-24.376,11.562,-8.6462,78.829,130.14,323.96,-1.3065,-1.1279,1.028,-0.0055733,0.82979,-0.33842,0.44372
4.6182e+05,-7.0477,3.0625,11.093,-342.63,67.958,225.2,-1.1935,-1.1708,1.0332,0.020293,0.81343,-0.38835,0.43255
4.6183e+05,-5.9869,-24.978,6.4132,-202.72,105.86,198.6,-1.0699,-1.2259,1.2012,0.040485,0.79666,-0.42226,0.43057
4.6185e+05,-8.4758,-24.345,-1.9909,343.81,55.196,176.65,-0.95161,-1.205,1.2464,-0.00016365,0.78524,-0.42119,0.45387
4.6186e+05,-13.236,-4.3338,7.9448,19.232,65.719,176.64,-0.81183,-1.1981,1.0891,-0.01094,0.7706,-0.44248,0.45855
4.6188e+05,-8.6859,-9.3827,10.072,63.499,35.925,119.25,-0.76344,-1.182,1.0837,-0.022383,0.76132,-0.45378,0.46257
4.6189e+05,-13.567,-15.77,8.5139,-60.319,25.609,92.804,-0.6828,-1.1663,1.1232,-0.019334,0.75517,-0.46963,0.45693
4.6191e+05,-17.958,-12.391,7.7086,132.37,2.0465,60.094,-0.57527,-1.1073,1.1013,-0.036958,0.75155,-0.47055,0.46086
4.6193e+05,-18.13,-6.2655,7.2018,-23.346,1.4989,53.235,-0.52688,-1.1128,1.1181,-0.039322,0.7483,-0.48096,0.45516
4.6194e+05,-18.411,-8.7711,5.0414,41.285,-3.7307,37.796,-0.45161,-1.0861,1.124,-0.047425,0.74616,-0.48551,0.45308
4.6196e+05,-21.933,-4.268,1.2079,73.657,-6.1462,52.143,-0.38172,-1.1019,1.0957,-0.061805,0.74201,-0.49021,0.45309
4.6197e+05,-18.137,4.0992,1.209,62.898,-6.1181,52.803,-0.33333,-1.0161,1.0797,-0.076126,0.73664,-0.49567,0.45373
4.6199e+05,-16.674,3.4365,0.65076,75.798,-6.7634,43.396,-0.31183,-1.0108,1.0798,-0.090702,0.73163,-0.49918,0.45531
4.62e+05,-13.572,6.394,0.68726,89.368,-7.6579,51.557,-0.27419,-0.97342,1.0858,-0.10708,0.7254,-0.50237,0.45821
4.6202e+05,-11.319,8.5061,0.26103,102.2,-11.141,61.339,-0.22581,-1.0048,1.0124,-0.1253,0.71787,-0.50559,0.4619
4.6204e+05,-9.2218,11.016,0.16252,57.943,-8.6534,93.621,-0.14516,-0.95131,1.013,-0.14104,0.70831,-0.51428,0.46252
4.6205e+05,-8.5525,11.504,-0.41627,50.558,-2.1139,134.34,-0.13441,-0.93532,1.0187,-0.15775,0.6953,-0.52696,0.4626
4.6207e+05,-8.075,11.831,-0.96244,41.605,1.5766,168.27,-0.10753,-0.90335,1.0303,-0.17501,0.67959,-0.54258,0.46167
4.6208e+05,-8.6236,12.123,-0.18187,55.106,-0.50671,199.18,0.021505,-0.84403,0.98032,-0.19565,0.66189,-0.55873,0.45983
4.621e+05,-9.1098,12.079,-1.151,10.175,3.9968,223.77,0.069892,-0.72617,0.95903,-0.21315,0.64382,-0.57783,0.45407
4.6211e+05,-10.155,6.934,-1.1166,-43.276,6.5886,245.98,0.11828,-0.74243,0.98134,-0.22393,0.62734,-0.60057,0.44229
4.6213e+05,-10.815,1.4255,-0.92522,-39.136,-3.9879,266.47,0.23656,-0.68356,0.97631,-0.23477,0.61131,-0.62272,0.42825
4.6214e+05,-10.423,-2.5875,0.76146,-5.4794,2.0765,272.63,0.30108,-0.65125,0.95416,-0.24639,0.59323,-0.64316,0.4168
4.6216e+05,-13.065,-3.3324,1.8842,48.898,5.6759,255.19,0.36022,-0.56041,0.96069,-0.2612,0.5742,-0.65897,0.40967
4.6218e+05,-17.707,-3.0369,7.9371,31.093,1.4806,222.97,0.3871,-0.48533,0.93897,-0.27371,0.55773,-0.674,0.39969
4.6219e+05,-17.041,-1.9321,5.4368,-4.6811,-19.573,155.58,0.4086,-0.51189,0.92185,-0.28097,0.55014,-0.68407,0.38788
4.6221e+05,-10.313,-5.4896,5.7215,-11.418,-38.84,104.2,0.43548,-0.44767,0.91687,-0.28488,0.54865,-0.68945,0.37746
4.6222e+05,-7.9792,-11.762,7.2484,-17.493,-23.612,49.598,0.43548,-0.43703,0.9226,-0.28334,0.55127,-0.69222,0.36966
4.6224e+05,-7.3768,-14.575,6.2504,28.171,-48.476,-22.196,0.40323,-0.43703,0.9226,-0.28363,0.55992,-0.68644,0.36721
4.6225e+05,-4.0606,-13.37,4.898,42.892,-68.091,-105.85,0.37097,-0.44232,0.91693,-0.2824,0.57663,-0.67213,0.36876
4.6227e+05,-1.1564,-12.967,4.0636,40.536,-64.897,-179.78,0.3172,-0.48454,0.86032,-0.27667,0.59951,-0.65146,0.37368
4.6229e+05,-0.51386,-11.034,2.8966,59.709,-64.878,-250.13,0.18817,-0.59677,0.85358,-0.26826,0.62681,-0.62319,0.38312
4.623e+05,-0.3343,-7.356,1.1159,65.097,-61.693,-308.63,0.15591,-0.69296,0.847,-0.25653,0.65718,-0.58823,0.39534
4.6232e+05,-0.24809,-3.8795,-1.3184,41.646,-38.928,-348.17,0.026882,-0.74587,0.79029,-0.2381,0.68755,-0.55066,0.40909
4.6233e+05,-1.1456,-2.8498,-1.5339,-38.044,-18.936,-376.85,-0.064516,-0.78302,0.76183,-0.20882,0.7183,-0.51536,0.41815
4.6235e+05,-1.7518,-3.538,-1.6071,-92.641,-16.664,-398.64,-0.25806,-0.88416,0.71588,-0.17312,0.74817,-0.48167,0.42222
4.6236e+05,-3.8354,-5.7649,-1.7346,-138.38,-17.704,-419.73,-0.33333,-0.93786,0.73781,-0.13203,0.77751,-0.44796,0.42116
4.6238e+05,-4.7587,-5.4409,-0.90923,-114.77,-59.019,-432.95,-0.59677,-1.0822,0.73637,-0.095854,0.80611,-0.41039,0.41542
4.6239e+05,-4.5323,-6.9287,2.9697,-144.25,-65.236,-438.24,-0.8172,-1.1146,0.76413,-0.056181,0.83318,-0.37241,0.40492
4.6241e+05,-7.1391,-11.639,1.9327,-117.77,-75.617,-415.76,-0.89785,-1.1416,0.78634,-0.021149,0.857,-0.33392,0.39193
4.6243e+05,-8.2947,-12.355,6.4562,-120.09,-59.837,-358.55,-1.1452,-1.1848,0.83647,0.011176,0.87541,-0.30104,0.37804
4.6244e+05,-11.271,-15.05,9.6163,-67.061,-41.483,-272.37,-1.2312,-1.1315,0.85385,0.032869,0.88854,-0.27436,0.36625
4.6246e+05,-8.7029,-11.88,4.9387,-32.034,-27.281,-150.1,-1.3871,-1.0731,0.88815,0.042252,0.8946,-0.26111,0.36017
4.6247e+05,-2.9765,-18.403,8.0272,68.142,16.757,-30.955,-1.4892,-1.0949,0.93287,0.039296,0.89484,-0.25479,0.36442
4.6249e+05,2.0509,-14.104,6.3132,65.418,57.757,62.134,-1.4892,-1.0785,0.89933,0.032696,0.88815,-0.2601,0.37744
4.625e+05,0.023317,-11.405,1.5247,118.14,74.701,115.53,-1.4516,-1.0836,0.8768,0.015926,0.87778,-0.26985,0.39551
4.6252e+05,-1.948,-4.4908,5.6706,10.055,118.7,185.71,-1.4194,-1.0568,0.87145,0.0069446,0.86208,-0.29509,0.41194
4.6254e+05,-24.121,19.858,-12.332,98.156,190.13,260.91,-1.3333,-1.1858,0.93196,-0.016106,0.8384,-0.32269,0.43896
4.6255e+05,-13.418,0.2681,20.748,-457.82,-37.522,233.47,-1.2796,-1.17,0.95459,0.01924,0.82983,-0.37938,0.40876
4.6257e+05,-8.1672,-24.412,-4.7354,-97.61,96.14,178.11,-1.0968,-1.1183,1.1349,0.030362,0.81508,-0.40467,0.41348
4.6258e+05,-9.1451,-24.956,-2.5579,130.63,93.778,210.47,-0.96774,-1.1036,1.2642,0.013355,0.79926,-0.42049,0.42919
4.626e+05,-7.3851,-8.407,15.023,122.59,53.269,168,-0.93548,-1.1135,1.1911,-0.0065741,0.78669,-0.43393,0.43908
4.6261e+05,-6.716,-15.734,9.3297,-9.5096,67.05,113.01,-0.80108,-1.0972,1.1688,-0.0063972,0.77663,-0.44839,0.44244
4.6263e+05,-14.89,-16.621,10.637,19.924,57.36,72.5,-0.75269,-1.092,1.1801,-0.008501,0.76983,-0.45721,0.44524
4.6264e+05,-21.343,-12.474,7.7341,136.06,20.253,49.143,-0.6129,-1.0656,1.2141,-0.025615,0.76616,-0.45723,0.45087
4.6266e+05,-19.07,-4.6575,7.6543,-1.5478,26.606,50.038,-0.54301,-1.0387,1.1919,-0.029114,0.76147,-0.46621,0.4494
4.6268e+05,-18.003,-8.0509,4.1612,30.345,3.7367,34.956,-0.47849,-1.0069,1.2203,-0.035964,0.75914,-0.47121,0.44763
4.6269e+05,-19.583,-2.9199,2.8955,59.256,-1.7935,36.774,-0.3871,-0.98547,1.2205,-0.047864,0.75614,-0.47507,0.44751
4.6271e+05,-19.741,3.9479,1.324,73.887,-11.471,36.67,-0.36022,-0.94252,1.2041,-0.063285,0.75253,-0.47825,0.4483
4.6272e+05,-16.245,4.3147,-0.15545,70.182,-10.218,33.019,-0.27957,-0.89941,1.1708,-0.077875,0.74862,-0.48104,0.44956
4.6274e+05,-14.364,7.5028,-0.0083714,89.616,-9.8989,40.497,-0.25806,-0.89924,1.1539,-0.094904,0.74338,-0.48333,0.45253
4.6275e+05,-11.721,10.976,-0.75444,93.297,-10.173,54.542,-0.19892,-0.90971,1.1314,-0.11334,0.73636,-0.4866,0.45624
4.6277e+05,-8.8935,12.792,-1.4791,62.939,-6.4956,90.471,-0.15591,-0.87757,1.1261,-0.13049,0.72657,-0.49494,0.45836
4.6279e+05,-6.4614,14.157,-1.4773,43.515,7.5267,141.04,-0.16129,-0.89857,1.0865,-0.14712,0.71222,-0.50932,0.46009
4.628e+05,-6.9833,11.797,-1.3133,22.139,14.736,178.92,-0.064516,-0.82928,1.1097,-0.16314,0.69564,-0.52766,0.45939
4.6282e+05,-8.3684,9.5648,-0.21695,24.222,11.877,207.89,-0.016129,-0.78099,1.0933,-0.18021,0.67792,-0.5474,0.4564
4.6283e+05,-8.6241,9.4261,-0.016076,-4.2008,18.46,232.21,0.032258,-0.77558,1.0877,-0.19484,0.65897,-0.56979,0.4507
4.6285e+05,-9.6579,5.6109,-1.2332,-35.122,16.175,251.73,0.15591,-0.66346,1.1057,-0.207,0.64138,-0.59289,0.44075
4.6286e+05,-10.9,0.48681,-1.0439,-19.73,10.878,269.32,0.1828,-0.65283,1.1114,-0.21921,0.6229,-0.6157,0.42994
4.6288e+05,-11.647,-1.5489,1.7837,3.4553,15.475,274.73,0.25806,-0.59907,1.0839,-0.23198,0.60313,-0.63721,0.41998
4.6289e+05,-11.819,-2.9008,1.4311,81.079,8.0946,255.82,0.29032,-0.50817,1.0848,-0.24971,0.58275,-0.65163,0.41645
4.6291e+05,-13.733,-1.4968,5.4622,77.602,25.733,231.75,0.35484,-0.4918,1.0513,-0.26413,0.56309,-0.66497,0.4135
4.6293e+05,-19.266,-0.61604,5.753,21.356,13.934,158.37,0.40323,-0.41103,0.99589,-0.27234,0.55194,-0.67575,0.40564
4.6294e+05,-12.032,-4.8247,5.8073,-43.933,-43.995,89.059,0.43548,-0.37867,0.96812,-0.27438,0.5534,-0.68202,0.39155
4.6296e+05,-6.7842,-11.387,6.3484,13.785,-3.2298,36.681,0.39785,-0.37349,0.98503,-0.27272,0.55504,-0.68295,0.38875
4.6297e+05,-8.2159,-13.662,5.5764,60.89,-33.744,-32.596,0.3871,-0.47497,0.97278,-0.27366,0.56285,-0.67516,0.39047
4.6299e+05,-4.6864,-12.837,4.5959,47.643,-56.785,-108.75,0.34946,-0.46422,0.96727,-0.27131,0.57924,-0.66074,0.39282
4.63e+05,-1.0768,-12.013,2.6161,46.689,-59.279,-182.37,0.32796,-0.512,0.93308,-0.26488,0.60191,-0.6394,0.39839
4.6302e+05,1.0475,-10.463,2.2552,40.734,-50.543,-249.79,0.21505,-0.56519,0.90446,-0.25297,0.62913,-0.61225,0.40664
4.6304e+05,0.8877,-7.482,1.5244,11.792,-37.543,-306.58,0.096774,-0.62897,0.8645,-0.23371,0.65962,-0.58129,0.41519
4.6305e+05,-0.099516,-5.5735,-0.068778,-14.254,-32.645,-359.25,0.048387,-0.67163,0.85283,-0.20835,0.69246,-0.54604,0.423
4.6307e+05,-0.21211,-7.0538,-0.92808,-60.922,-18.932,-397.7,-0.1129,-0.82658,0.84005,-0.17486,0.72507,-0.51018,0.42827
4.6308e+05,-0.75935,-9.0967,-2.0624,-55.016,-15.08,-427.69,-0.19355,-0.89626,0.85621,-0.13975,0.75602,-0.47036,0.43321
4.631e+05,-0.55659,-5.3085,-3.8538,-9.6155,-24.508,-430.11,-0.39785,-1.0086,0.85508,-0.11085,0.78213,-0.42752,0.43956
4.6311e+05,-2.1524,-2.8264,-0.0015954,-94.37,-14.058,-439.2,-0.63441,-1.062,0.84893,-0.073153,0.80658,-0.38905,0.439
4.6313e+05,-8.2324,-7.4631,1.4936,-128.55,-21.567,-438.18,-0.74194,-1.0514,0.86027,-0.032891,0.82999,-0.35157,0.43178
4.6314e+05,-11.489,-9.3115,3.804,-153.6,-50.004,-396.36,-0.99462,-1.1213,0.90452,0.0055678,0.85109,-0.31887,0.41705
4.6316e+05,-13.045,-13.281,5.291,-138.76,-56.541,-331.88,-1.0968,-1.047,0.95582,0.038205,0.86821,-0.29091,0.40016
4.6318e+05,-12.433,-16.064,7.4018,-20.498,-67.92,-242.77,-1.2581,-1.0743,1.0173,0.05154,0.88191,-0.26567,0.38601
4.6319e+05,-6.5292,-7.7864,6.2544,55.002,-27.36,-141.78,-1.3441,-1.0423,1.0233,0.048352,0.88821,-0.24948,0.38276
4.6321e+05,-1.9293,-12.846,7.1053,16.46,19.972,-20.444,-1.457,-1.0312,0.98407,0.048277,0.88734,-0.24802,0.38572
4.6322e+05,0.32514,-17.732,5.2597,67.364,61.791,70.058,-1.4194,-1.0796,1.0117,0.041522,0.88154,-0.25316,0.39633
4.6324e+05,-2.9908,-16.811,3.7297,185.69,102.98,148.77,-1.414,-1.0046,0.98995,0.016964,0.87128,-0.26128,0.41511
4.6325e+05,-17.502,3.0551,-7.1565,351.45,151.31,278.89,-1.3172,-1.0632,0.97251,-0.041073,0.85023,-0.27761,0.44538
4.6327e+05,-24.767,24.544,2.5761,-157.34,-101.78,293.76,-1.2581,-1.1163,0.93266,-0.049608,0.8439,-0.32488,0.42406
4.6329e+05,2.3316,-15.171,13.293,-495.51,112.7,232.5,-1.0753,-1.1064,1.017,0.0031082,0.82842,-0.38072,0.41081
4.633e+05,-4.8423,-24.936,0.96728,-87.981,49.837,240.43,-0.98387,-1.0816,1.2083,0.0072621,0.81337,-0.41263,0.41002
4.6332e+05,-3.043,-23.015,10.643,264.84,92.097,158.33,-0.86022,-1.1777,1.1961,-0.021627,0.79986,-0.41594,0.43215
4.6333e+05,-12.407,-8.5304,12.586,165.4,50.225,122.05,-0.73118,-1.161,1.1288,-0.043857,0.78958,-0.42261,0.44276
4.6335e+05,-14.119,-0.78917,11.14,-21.592,39.151,117.22,-0.67204,-1.1446,1.0953,-0.047736,0.78011,-0.4406,0.44162
4.6336e+05,-16.621,-17.881,9.2694,-76.953,26.656,81.554,-0.57527,-1.1019,1.1013,-0.041368,0.77527,-0.45646,0.43462
4.6338e+05,-17.108,-14.242,8.301,101.59,12.826,60.588,-0.54301,-1.081,1.1465,-0.054358,0.77098,-0.45962,0.43747
4.6339e+05,-17.374,-8.2887,5.394,15.325,1.8342,44.651,-0.44624,-1.0273,1.1302,-0.05947,0.76811,-0.46667,0.43439
4.6341e+05,-19.376,-8.1932,4.8207,22.145,1.4221,30.105,-0.37097,-1.0111,1.1079,-0.064867,0.76607,-0.47192,0.43153
4.6343e+05,-23.644,-3.8438,2.195,94.726,-20.2,43.527,-0.33871,-0.99003,1.1418,-0.081966,0.76299,-0.47468,0.43105
4.6344e+05,-17.294,7.0069,2.7526,54.012,-12.33,41.981,-0.23656,-0.99509,1.1136,-0.095438,0.7584,-0.47984,0.43067
4.6346e+05,-16.388,5.0375,0.59734,74.487,-16.801,32.897,-0.17742,-0.94697,1.1141,-0.11063,0.75421,-0.48252,0.4314
4.6347e+05,-11.955,7.5699,0.57061,75.6,-14.68,41.243,-0.17204,-0.92519,1.075,-0.12578,0.7486,-0.48579,0.43334
4.6349e+05,-9.7218,10.836,0.55331,87.759,-15.442,51.017,-0.16129,-0.97331,1.0745,-0.14267,0.74145,-0.4892,0.43656
4.635e+05,-7.3586,10.046,0.25579,52.82,-9.4558,81.814,-0.1129,-0.88219,1.053,-0.1565,0.73255,-0.49723,0.43778
4.6352e+05,-6.9038,10.662,0.09782,46.937,-1.0169,134.17,-0.043011,-0.89823,1.0528,-0.17219,0.71951,-0.51042,0.43832
4.6354e+05,-6.6939,11.42,0.071358,26.786,4.1718,179.07,-0.026882,-0.83935,1.0478,-0.18769,0.7034,-0.52834,0.43688
4.6355e+05,-7.2496,11.218,-0.96032,25.599,3.8064,211.97,0.075269,-0.80716,1.0369,-0.20544,0.68496,-0.54752,0.43456
4.6357e+05,-8.2474,10.951,-0.93682,-27.204,9.9635,243.38,0.11828,-0.75346,1.0149,-0.21895,0.66611,-0.57073,0.42734
4.6358e+05,-9.6619,5.7191,-1.0876,-84.966,13.822,273.89,0.19355,-0.66797,1.0214,-0.22585,0.64897,-0.59764,0.4131
4.636e+05,-11.079,-0.46429,-1.2359,-60.69,11.372,289.79,0.30645,-0.59874,1.0502,-0.23372,0.63107,-0.62323,0.39838
4.6361e+05,-13.107,-0.96423,0.38941,5.5808,12.659,281.33,0.36022,-0.5344,1.034,-0.24654,0.61136,-0.64401,0.38821
4.6363e+05,-15.036,-3.2394,2.8052,50.961,13.244,258.41,0.41398,-0.50778,1.0455,-0.26092,0.59134,-0.66096,0.38128
4.6364e+05,-21.106,-2.9068,6.1575,21.273,17.743,216.86,0.45699,-0.42729,1.0182,-0.2715,0.57442,-0.67711,0.37128
4.6366e+05,-16.997,-2.467,5.3114,-9.5647,-18.143,160.77,0.47849,-0.37923,1.0243,-0.27831,0.56622,-0.68789,0.35882
4.6368e+05,-10.765,-7.0908,5.6287,30.869,-7.0989,106.64,0.48925,-0.27212,1.0085,-0.28226,0.56097,-0.69286,0.35439
4.6369e+05,-10.894,-10.651,7.8568,30.865,-11.227,44.095,0.49462,-0.36814,0.98508,-0.28315,0.5615,-0.69343,0.35171
4.6371e+05,-8.5153,-12.016,5.2646,50.326,-35.773,-25.157,0.44624,-0.38412,0.9793,-0.28397,0.56894,-0.68655,0.35258
4.6372e+05,-4.3806,-12.758,4.3226,46.852,-42.317,-97.872,0.44624,-0.36223,0.92896,-0.28141,0.58346,-0.6734,0.35626
4.6374e+05,-2.4234,-12.631,4.5964,46.35,-43.732,-172,0.36022,-0.4103,0.92286,-0.27498,0.60438,-0.65383,0.3628
4.6375e+05,-1.5894,-10.152,2.6175,56.027,-53.927,-242.79,0.30108,-0.51172,0.905,-0.26643,0.63089,-0.62634,0.37242
4.6377e+05,-0.2414,-7.8899,2.1597,28.62,-48.613,-298.25,0.23656,-0.6239,0.89264,-0.25168,0.66139,-0.59437,0.38204
4.6379e+05,0.45744,-5.64,-0.17231,19.85,-34.12,-346.11,0.096774,-0.71981,0.85797,-0.23168,0.69272,-0.55786,0.39401
4.638e+05,0.19592,-4.4703,-0.3319,-30.942,-16.72,-384,0.053763,-0.79439,0.82913,-0.20291,0.7247,-0.52018,0.4038
4.6382e+05,0.27313,-5.0248,-0.90294,-61.002,-4.552,-409.56,-0.17204,-0.87482,0.8508,-0.16882,0.75448,-0.48234,0.41184
4.6383e+05,-2.2654,-6.1333,-1.1322,-85.333,-4.1022,-429.95,-0.25269,-0.9015,0.84492,-0.13169,0.78267,-0.44368,0.4162
4.6385e+05,-3.3067,-5.6806,-1.1019,-71.669,-41.132,-442.66,-0.46774,-0.99769,0.83834,-0.098281,0.80985,-0.40207,0.41572
4.6386e+05,-2.3695,-6.0338,1.0124,-70.279,-38.097,-448.06,-0.7043,-1.0619,0.8377,-0.064379,0.83419,-0.35884,0.41379
4.6388e+05,-5.5994,-8.4812,2.2809,-104.78,-35.642,-426.05,-0.8172,-1.1158,0.8821,-0.028311,0.85537,-0.31916,0.40703
4.6389e+05,-9.6448,-10.678,4.4474,-136.4,-33.115,-368.71,-1.0323,-1.1054,0.91029,0.0074355,0.87242,-0.28668,0.39579
4.6391e+05,-13.872,-16.246,8.3374,-121.62,-32.098,-289.41,-1.1559,-1.0843,0.94421,0.037337,0.88565,-0.26083,0.38236
4.6393e+05,-9.1581,-15.622,3.0654,33.552,-34.668,-180.34,-1.3602,-1.0155,1.0123,0.041857,0.894,-0.23945,0.37641
4.6394e+05,-2.4404,-15.293,8.5817,58.768,18.164,-56.724,-1.4247,-1.0315,1.0122,0.039616,0.89508,-0.23075,0.3795
4.6396e+05,-0.46717,-15.612,4.6585,120.79,39.349,29.288,-1.414,-1.0473,0.98953,0.026748,0.8918,-0.22894,0.38931
4.6397e+05,0.19547,-14.773,-4.194,141.19,83.774,106.78,-1.4086,-1.0579,0.97257,0.0088495,0.88146,-0.23501,0.40954
4.6399e+05,-2.5247,-2.6986,18.55,94.769,178.89,267.3,-1.3925,-1.0684,0.96123,-0.012815,0.86275,-0.2642,0.43093
4.64e+05,-24.694,24.342,-0.35292,-205.53,70.249,365.71,-1.2419,-1.1488,0.97166,-0.01268,0.84318,-0.32295,0.42964
4.6402e+05,-5.0233,-21.426,4.6512,-531.55,79.241,214.8,-1.1613,-1.1867,1.0275,0.043307,0.8282,-0.37817,0.41134
4.6404e+05,-9.3608,-24.921,-6.2464,49.587,47.399,221.13,-1.0054,-1.1894,1.2915,0.032229,0.8147,-0.40008,0.41852
4.6405e+05,-12.134,-13.483,1.9968,320.65,41.419,192.75,-0.87634,-1.1615,1.1738,-0.0123,0.80236,-0.40531,0.43794
4.6407e+05,-17.165,-2.474,9.5024,11.158,47.241,163.36,-0.8172,-1.209,1.1115,-0.022838,0.79005,-0.42662,0.43965
4.6408e+05,-7.0098,-15.414,11.209,-76.56,44.608,120.69,-0.69892,-1.1343,1.1347,-0.017178,0.78125,-0.44617,0.43622
4.641e+05,-12.397,-18.172,9.6823,87.357,20.399,71.817,-0.6828,-1.1721,1.1681,-0.02773,0.77653,-0.45075,0.43937
4.6411e+05,-18.407,-9.1055,9.2189,14.262,7.9008,59.855,-0.52688,-1.1184,1.1461,-0.03338,0.77277,-0.45954,0.4365
4.6413e+05,-20.043,-6.4677,4.771,25.287,-1.6664,43.859,-0.45161,-1.0647,1.1242,-0.041061,0.7699,-0.46635,0.43368
4.6414e+05,-21.431,-5.7782,2.7279,11.617,-13.14,39.248,-0.43548,-1.0598,1.1692,-0.04831,0.76778,-0.47353,0.42889
4.6416e+05,-20.073,-0.60023,0.9258,63.756,-14.681,40.993,-0.35484,-0.99014,1.153,-0.062551,0.76432,-0.47798,0.42831
4.6418e+05,-17.573,1.8054,-0.55527,77.62,-11.814,33.371,-0.30108,-0.96324,1.1364,-0.077913,0.76029,-0.48075,0.42984
4.6419e+05,-13.585,6.4176,0.7476,100.71,-7.5451,29.635,-0.27419,-0.94719,1.1366,-0.095041,0.75528,-0.48163,0.43423
4.6421e+05,-10.847,10.13,-0.68187,100.72,-8.1234,33.288,-0.25269,-0.97933,1.1419,-0.11255,0.74904,-0.48272,0.43961
4.6422e+05,-7.7204,9.5027,0.54794,61.39,-10.562,54.969,-0.18817,-0.94697,1.1141,-0.12633,0.74218,-0.48792,0.44174
4.6424e+05,-6.6901,10.429,0.37474,36.906,-3.2427,106.06,-0.16129,-0.94129,1.0805,-0.13983,0.73158,-0.49959,0.44231
4.6425e+05,-7.0612,11.432,-0.24545,33.295,-3.7923,150.19,-0.14516,-0.93065,1.0862,-0.15567,0.71765,-0.51534,0.44178
4.6427e+05,-6.2948,11.259,-0.52867,5.5978,0.35268,188.19,-0.05914,-0.80215,1.0706,-0.17055,0.70139,-0.53503,0.43899
4.6429e+05,-6.5863,10.287,-1.1317,-7.2799,8.451,222.41,-0.010753,-0.87701,1.0699,-0.18497,0.68224,-0.55756,0.43526
4.643e+05,-8.0923,6.8887,-1.8434,-56.879,9.987,258.26,0.10753,-0.72194,1.0714,-0.19617,0.66347,-0.58309,0.42584
4.6432e+05,-10.002,1.6084,-1.3249,-40.608,10.304,278.21,0.16667,-0.68457,1.0774,-0.20708,0.64446,-0.60807,0.41477
4.6433e+05,-11.96,-1.099,0.37543,24.263,8.4296,269.76,0.20968,-0.65238,1.0665,-0.22198,0.62461,-0.62826,0.40728
4.6435e+05,-12.028,-2.0045,-0.59816,116.58,-2.9043,255.83,0.30645,-0.56136,1.0562,-0.24403,0.6043,-0.64009,0.40688
4.6436e+05,-14.812,-0.23662,2.7531,119.61,24.463,244.7,0.34409,-0.52365,1.0285,-0.26347,0.58255,-0.65213,0.40736
4.6438e+05,-20.04,1.2746,6.1617,39.514,7.5497,194.88,0.41935,-0.53379,0.97219,-0.27596,0.56815,-0.66458,0.39922
4.6439e+05,-15.001,-2.4671,6.1024,-58.015,-12.028,139.56,0.43011,-0.48555,0.96144,-0.27705,0.56379,-0.6767,0.384
4.6441e+05,-10.956,-10.383,5.389,-0.554,-0.12279,91.606,0.46774,-0.4269,0.97888,-0.27732,0.56081,-0.68272,0.37745
4.6443e+05,-10.309,-13.062,6.9109,43.193,-17.726,25.575,0.45161,-0.42662,0.95079,-0.27884,0.563,-0.68109,0.37603
4.6444e+05,-6.7079,-13.812,4.9514,37.41,-36.202,-46.675,0.43011,-0.45319,0.93367,-0.27742,0.57303,-0.67301,0.37646
4.6446e+05,-3.4703,-14.32,4.1715,43.855,-40.093,-121.77,0.39785,-0.53846,0.90473,-0.2727,0.5896,-0.65806,0.38076
4.6447e+05,-2.0183,-12.55,2.9748,83.601,-41.441,-198.76,0.37097,-0.50649,0.91628,-0.26712,0.61119,-0.63388,0.39151
4.6449e+05,-0.86637,-9.4459,2.2583,62.728,-39.938,-265.22,0.27419,-0.66662,0.88659,-0.25558,0.63808,-0.6042,0.40309
4.645e+05,0.16503,-6.4965,-0.1838,60.468,-25.092,-319.32,0.16667,-0.76219,0.81822,-0.23898,0.66675,-0.56907,0.41773
4.6452e+05,-0.39308,-2.8209,-1.2249,18.523,-0.80767,-359.41,0.10215,-0.77829,0.82368,-0.21402,0.69596,-0.53229,0.43186
4.6454e+05,-1.2129,-2.8174,-2.4017,-58.553,19.252,-388.11,-0.10753,-0.87414,0.78339,-0.1787,0.7241,-0.49875,0.44157
4.6455e+05,-2.7101,-4.9054,-1.1966,-111.75,13.827,-413.1,-0.18817,-1.0077,0.77082,-0.13769,0.75244,-0.46604,0.44461
4.6457e+05,-5.6159,-5.941,-2.983,-101,3.5911,-433.9,-0.40323,-1.067,0.82079,-0.098318,0.77892,-0.43009,0.4457
4.6458e+05,-6.048,-3.9892,-1.0281,-135.6,-38.069,-440.55,-0.59677,-1.1156,0.86525,-0.058445,0.80556,-0.39435,0.43834
4.646e+05,-6.5544,-6.7521,1.5778,-151.61,-50.59,-444.01,-0.74194,-1.1642,0.90971,-0.01723,0.83084,-0.35753,0.42612
4.6461e+05,-8.8495,-9.83,3.4156,-170.57,-70.221,-404.47,-0.97312,-1.17,0.96021,0.022471,0.85305,-0.32455,0.408
4.6463e+05,-11.087,-13.203,9.1667,-181.56,-61.687,-339.44,-1.1344,-1.1919,1.0049,0.059859,0.87028,-0.29783,0.38773
4.6464e+05,-12.182,-17.564,6.4134,-25.284,-72.768,-253.82,-1.3387,-1.1174,1.045,0.073575,0.8845,-0.27149,0.37221
4.6466e+05,-4.2571,-11.137,6.9786,15.109,-22.011,-157.59,-1.4086,-1.0641,1.0624,0.07686,0.89077,-0.25478,0.36838
4.6468e+05,-0.59889,-16.563,5.6959,87.96,20.807,-48.454,-1.4731,-1.0268,1.0796,0.070175,0.89137,-0.2456,0.37445
4.6469e+05,-0.32584,-16.501,4.6631,153.03,47.2,40.125,-1.5161,-1.0049,1.0293,0.052272,0.88784,-0.24338,0.38701
4.6471e+05,-2.004,-9.9624,2.7719,176.62,88.461,114.7,-1.4731,-1.026,0.99536,0.025754,0.87855,-0.25013,0.40612
4.6472e+05,-20.154,6.491,-3.4017,208.33,201.09,322.99,-1.4194,-1.0951,0.94972,-0.016145,0.85462,-0.27991,0.43706
4.6474e+05,-24.564,17.527,-4.0463,-380.98,-73.614,277.4,-1.3172,-1.1486,0.96042,0.0038753,0.8462,-0.33826,0.41173
4.6475e+05,-4.8412,-24.899,-0.30945,-287.48,87.569,253.68,-1.1774,-1.2035,1.1003,0.032272,0.82878,-0.38292,0.40676
4.6477e+05,0.3386,-25.005,11.838,52.207,40.867,189.1,-1.0538,-1.2151,1.1845,0.022525,0.81737,-0.40156,0.41249
4.6479e+05,-17.245,-16.913,-1.5705,283.01,42.48,155.92,-0.96774,-1.1772,1.1455,-0.015351,0.80715,-0.40535,0.4289
4.648e+05,-9.2412,-7.5687,9.8199,85.602,60.969,115.8,-0.87097,-1.1815,1.0331,-0.02789,0.79673,-0.41637,0.43712
4.6482e+05,-12.243,-6.5765,10.041,13.833,48.495,92.794,-0.83333,-1.2242,1.0327,-0.032349,0.7884,-0.42929,0.43942
4.6483e+05,-17.7,-15.021,8.7933,-10.277,32.459,59.857,-0.72043,-1.1764,1.0669,-0.032228,0.78391,-0.43942,0.43745
4.6485e+05,-18.051,-7.6283,6.9721,111.78,8.8287,48.806,-0.63441,-1.1392,1.0897,-0.047703,0.77996,-0.44166,0.44083
4.6486e+05,-17.525,-6.5163,3.615,-13.528,2.0509,38.575,-0.57527,-1.1603,1.0558,-0.04994,0.77726,-0.45051,0.43637
4.6488e+05,-19.618,-4.415,3.591,66.295,-2.7658,35.685,-0.49462,-1.0533,1.0513,-0.061604,0.77421,-0.45442,0.43624
4.6489e+05,-19.616,1.8797,2.172,64.4,-20.912,43.066,-0.44086,-1.0428,1.0682,-0.076027,0.77073,-0.45944,0.43486
4.6491e+05,-15.85,5.384,0.63028,53.936,-18.303,43.704,-0.3871,-1.0373,1.0514,-0.089496,0.76619,-0.46516,0.43425
4.6493e+05,-14.055,4.8871,0.89628,54.029,-17.978,41.081,-0.33871,-1.0266,1.0571,-0.10222,0.76169,-0.47033,0.43379
4.6494e+05,-11.024,8.0219,0.1989,77.671,-19.554,49.176,-0.28495,-0.99431,1.035,-0.11809,0.75563,-0.47472,0.43557
4.6496e+05,-8.7114,8.9702,0.36403,60.269,-16.054,64.932,-0.26882,-1.005,1.0349,-0.13219,0.74827,-0.48153,0.43674
4.6497e+05,-6.9917,10.402,0.40759,45.29,-4.7045,103.1,-0.21505,-0.90842,1.0022,-0.14595,0.7377,-0.49277,0.4378
4.6499e+05,-6.9477,11.448,-0.50922,43.701,3.9263,151.74,-0.15591,-0.91376,1.0021,-0.16204,0.72283,-0.50863,0.43881
4.65e+05,-6.4285,11.705,-0.091814,22.252,7.5255,195.73,-0.080645,-0.90842,1.0022,-0.17793,0.70499,-0.52911,0.43746
4.6502e+05,-7.5638,11.085,-0.24189,2.965,6.8707,227.57,0,-0.84414,0.99156,-0.19376,0.68547,-0.55217,0.43324
4.6504e+05,-8.724,8.6143,-0.63965,-35.831,7.3005,250.16,0.064516,-0.80694,1.0144,-0.20612,0.66621,-0.57731,0.42472
4.6505e+05,-9.633,3.6321,-0.89133,-66.843,4.1624,270.99,0.12903,-0.77463,0.99225,-0.21422,0.64834,-0.60361,0.41161
4.6507e+05,-11.49,-1.3026,-0.74239,-28.886,0.86624,284.02,0.20968,-0.69983,0.99862,-0.22502,0.62948,-0.62753,0.39916
4.6508e+05,-11.996,-2.0428,2.0403,18.594,6.7523,274.35,0.28495,-0.66245,1.0046,-0.23792,0.6097,-0.64751,0.39039
4.651e+05,-15.488,-3.6516,3.3267,77.774,6.3669,248.68,0.37634,-0.54988,0.97765,-0.25472,0.58987,-0.66214,0.38568
4.6511e+05,-18.695,-1.7355,7.2897,9.1696,8.4102,211.64,0.37097,-0.51746,0.94426,-0.26409,0.57467,-0.6778,0.37497
4.6513e+05,-15.538,-3.3769,5.0759,-26.962,-9.3851,150.08,0.39785,-0.42651,0.93956,-0.26761,0.5677,-0.68889,0.36267
4.6514e+05,-9.8204,-7.7778,4.5469,27.869,-3.9343,84.981,0.41398,-0.44266,0.95063,-0.26962,0.56447,-0.69221,0.35989
4.6516e+05,-8.1278,-11.435,6.0815,35.706,-12.223,13.737,0.43011,-0.39955,0.91735,-0.26917,0.56785,-0.68979,0.35957
4.6518e+05,-4.8329,-13.734,5.1396,34.887,-22.849,-59.29,0.41935,-0.45803,0.88306,-0.26571,0.57842,-0.68113,0.36179
4.6519e+05,-2.5738,-13.383,4.0573,60.257,-32.862,-137.58,0.37097,-0.49563,0.89954,-0.26107,0.5955,-0.66416,0.36893
4.6521e+05,-0.94929,-11.119,3.6263,75.449,-35.923,-204.83,0.32796,-0.53801,0.85979,-0.25438,0.61772,-0.63989,0.37981
4.6522e+05,-0.19118,-8.3969,2.9141,54.452,-34.125,-264.41,0.26344,-0.58095,0.87621,-0.24228,0.64473,-0.61056,0.39093
4.6524e+05,0.1484,-5.457,0.73005,46.346,-27.319,-321.1,0.14516,-0.70321,0.80196,-0.22521,0.6743,-0.57566,0.40399
4.6525e+05,-0.23289,-2.37,0.17879,-1.86,-4.627,-357.89,0.026882,-0.81527,0.77836,-0.19945,0.70389,-0.54024,0.41582
4.6527e+05,-1.4271,-2.9589,-0.65832,-69.769,9.6414,-385.37,-0.05914,-0.86345,0.7835,-0.16479,0.73305,-0.50653,0.42297
4.6529e+05,-2.7362,-5.2068,-0.34449,-111.45,12.466,-410.03,-0.24731,-0.95463,0.81068,-0.12503,0.76121,-0.47314,0.42552
4.653e+05,-5.3263,-5.2267,-0.9489,-121.14,-4.4227,-422.56,-0.34409,-0.98131,0.80479,-0.086061,0.78786,-0.43853,0.42374
4.6532e+05,-7.4672,-2.9236,-0.4774,-129.96,-33.523,-425.1,-0.5914,-1.0779,0.83754,-0.049522,0.81304,-0.40366,0.41662
4.6533e+05,-8.1625,-5.3796,4.1899,-188.36,-40.368,-417.99,-0.8172,-1.1,0.91035,-0.0070086,0.8367,-0.37114,0.40266
4.6535e+05,-10.947,-12.585,3.6322,-169.56,-64.196,-371.22,-0.93548,-1.0681,0.92752,0.03006,0.85752,-0.34076,0.38424
4.6536e+05,-10.025,-13.791,9.3281,-139.04,-54.63,-299.88,-1.0968,-1.053,1.0232,0.059791,0.873,-0.31551,0.36708
4.6538e+05,-9.0261,-16.638,6.0084,16.734,-46.362,-204.72,-1.2258,-1.0373,1.057,0.066547,0.88397,-0.29265,0.35849
4.6539e+05,-2.8483,-11.601,7.2531,35.923,17.848,-99.707,-1.2957,-0.97815,1.0239,0.066784,0.88612,-0.28129,0.36223
4.6541e+05,-1.1156,-16.69,4.4846,66.27,34.738,-2.2144,-1.3817,-0.99397,1.0013,0.06201,0.88378,-0.27872,0.37067
4.6543e+05,-0.22092,-16.135,-0.16356,155.92,56.438,55.171,-1.3548,-0.99414,1.0181,0.04461,0.87785,-0.27816,0.38733
4.6544e+05,-2.7922,-7.5636,8.4507,83.5,96.017,147.06,-1.3226,-1.0956,1.0003,0.028935,0.86653,-0.29387,0.40241
4.6546e+05,-24.316,12.684,-12.213,21.67,149.5,391.98,-1.2957,-1.0795,1.0004,0.006032,0.83976,-0.34092,0.42254
4.6547e+05,-10.135,-0.21315,2.6435,-309.82,71.749,207.68,-1.1022,-1.096,1.0396,0.029022,0.82302,-0.3867,0.41503
4.6549e+05,-8.9956,-24.867,-10.074,-170.9,89.172,239.28,-1.0645,-1.1236,1.1348,0.045047,0.80407,-0.42214,0.41622
4.655e+05,-3.4867,-24.477,12.479,279.86,98.839,182.16,-0.9086,-1.1833,1.2185,0.013065,0.79009,-0.42614,0.44044
4.6552e+05,-13.191,-7.3924,13.854,148,44.166,155.07,-0.75269,-1.1607,1.0951,-0.010459,0.77878,-0.43691,0.45001
4.6554e+05,-8.8227,-6.9528,13.288,-14.416,45.153,122.42,-0.69892,-1.1607,1.0951,-0.013787,0.76889,-0.45368,0.45033
4.6555e+05,-13.727,-13.891,13.158,-10.342,26.436,84.617,-0.62366,-1.1448,1.1121,-0.015693,0.76301,-0.46576,0.44792
4.6557e+05,-19.003,-11.358,8.2386,58.258,4.3929,63.931,-0.55914,-1.129,1.1348,-0.026264,0.75921,-0.47199,0.44736
4.6558e+05,-19.951,-5.4641,4.5049,27.516,1.279,57.742,-0.45161,-1.1072,1.0901,-0.035154,0.75511,-0.48006,0.4451
4.656e+05,-20.071,-6.8381,0.32128,-10.964,-8.3134,53.025,-0.37097,-1.0859,1.1015,-0.040702,0.75182,-0.48986,0.43949
4.6561e+05,-19.877,-2.9134,1.9528,51.512,-10.048,47.367,-0.37097,-1.038,1.1245,-0.053002,0.74818,-0.49533,0.43825
4.6563e+05,-17.292,1.0504,0.83758,65.773,-17.896,45.501,-0.23118,-1.0057,1.1079,-0.068029,0.74429,-0.49957,0.43799
4.6564e+05,-14.35,5.1262,1.0764,78.25,-14.165,38.541,-0.23118,-0.99515,1.1193,-0.08377,0.73975,-0.50226,0.43987
4.6566e+05,-12.702,6.3303,1.8278,70.441,-18.173,39.868,-0.23656,-0.94112,1.0636,-0.098436,0.73519,-0.50536,0.44093
4.6568e+05,-9.9152,7.5676,1.6151,64.634,-18.036,49.735,-0.19355,-0.92508,1.0638,-0.11272,0.72966,-0.50943,0.44201
4.6569e+05,-8.2337,8.0965,0.40827,44.644,-12.28,79.7,-0.12903,-0.90909,1.0696,-0.12637,0.72165,-0.51727,0.44237
4.6571e+05,-7.195,9.9039,-0.021104,34.086,-6.163,114.92,-0.075269,-0.88742,1.0417,-0.14087,0.7105,-0.52874,0.44246
4.6572e+05,-6.6968,10.334,-1.048,22.234,-3.9921,150.17,-0.010753,-0.87684,1.053,-0.15642,0.69661,-0.54327,0.44172
4.6574e+05,-6.2179,10.196,-1.4301,15.242,-5.1603,178.69,0.016129,-0.81239,1.0256,-0.17249,0.68099,-0.55933,0.44005
4.6575e+05,-5.996,10.097,-1.0313,-21.701,-1.0218,205.75,0.053763,-0.81785,1.0368,-0.18526,0.66474,-0.57827,0.43521
4.6577e+05,-6.8665,6.0598,-1.8755,-62.317,5.5225,234.24,0.13441,-0.73213,1.0208,-0.19341,0.64938,-0.59939,0.42619
4.6579e+05,-8.298,0.8925,-1.2066,-60.75,7.3649,257.46,0.19355,-0.69504,1.0548,-0.20039,0.63334,-0.62208,0.41441
4.658e+05,-10.719,-1.3195,-0.7228,-6.2802,10.696,266.67,0.30108,-0.6257,1.0724,-0.21221,0.61527,-0.64184,0.40553
4.6582e+05,-12.414,-1.7509,0.48486,51.53,4.4635,250.83,0.37634,-0.57724,1.0392,-0.22828,0.5971,-0.65654,0.40039
4.6583e+05,-14.487,-3.3098,5.5208,83.826,19.62,228.93,0.40323,-0.48082,1.0233,-0.24377,0.57801,-0.66942,0.39795
4.6585e+05,-21.022,-0.62629,6.2413,25.734,13.791,175.91,0.45699,-0.45926,1.0066,-0.25421,0.56488,-0.6814,0.38984
4.6586e+05,-15.921,-2.6809,5.826,-7.5635,-12.99,122.84,0.50538,-0.42713,1.0013,-0.25922,0.56007,-0.68924,0.37957
4.6588e+05,-10.966,-9.2786,7.1349,9.0601,-0.76725,76.656,0.45161,-0.45364,0.97861,-0.25966,0.55805,-0.69351,0.37444
4.6589e+05,-10.612,-12.962,7.5594,38.921,-14.237,10.132,0.47312,-0.40005,0.96791,-0.25999,0.56172,-0.69108,0.3732
4.6591e+05,-8.2132,-14.041,5.6329,61.813,-35.401,-61.287,0.46237,-0.47502,0.9784,-0.25991,0.57236,-0.68086,0.37587
4.6593e+05,-4.1103,-13.623,4.4974,64.921,-45.357,-136.84,0.41398,-0.43737,0.9563,-0.25677,0.59015,-0.66348,0.38155
4.6594e+05,-2.1722,-12.654,3.4903,92.908,-40.078,-203.27,0.37634,-0.5599,0.91013,-0.25164,0.61207,-0.6385,0.39289
4.6596e+05,-1.7259,-8.2922,1.8878,95.712,-41.239,-267.25,0.26344,-0.63476,0.90938,-0.24299,0.6384,-0.60663,0.4067
4.6597e+05,-0.50713,-4.0628,-0.32281,66.46,-25.054,-317.05,0.16129,-0.71987,0.86359,-0.22719,0.66691,-0.57102,0.42136
4.6599e+05,-0.82712,-1.4588,-1.2879,-9.0519,2.2757,-347.86,0.075269,-0.77317,0.8462,-0.20029,0.69583,-0.53701,0.43282
4.66e+05,-2.0142,-1.9704,-1.317,-95.445,20.431,-372.06,-0.086022,-0.9226,0.81662,-0.16287,0.72383,-0.50738,0.4383
4.6602e+05,-3.454,-4.7211,0.36403,-152.15,9.6628,-397.23,-0.17204,-0.91214,0.83919,-0.11987,0.75265,-0.47826,0.43637
4.6604e+05,-6.3343,-5.4003,-1.6716,-133.2,-8.1159,-414.19,-0.36022,-0.96065,0.87803,-0.080311,0.77963,-0.44569,0.43254
4.6605e+05,-7.1326,-4.558,-1.3338,-145.97,-34.783,-423.52,-0.51075,-1.0248,0.87177,-0.041646,0.80561,-0.41207,0.42362
4.6607e+05,-5.7903,-6.5578,2.4307,-163.13,-42.135,-418.13,-0.68817,-1.0788,0.92741,-0.0014564,0.82953,-0.37837,0.41076
4.6608e+05,-7.4085,-11.215,3.1391,-164.37,-50.877,-377.78,-0.97849,-1.0478,1.0345,0.036298,0.84984,-0.34731,0.39475
4.661e+05,-9.751,-14.587,8.6964,-151.53,-41.492,-313.07,-1.0591,-1.0155,1.0179,0.069054,0.86545,-0.3215,0.37798
4.6611e+05,-9.8964,-17.905,6.1798,18.63,-45.912,-229.47,-1.2312,-0.99476,1.0799,0.077084,0.87802,-0.29562,0.36844
4.6613e+05,-4.1057,-10.887,7.7175,66.253,0.86855,-135.13,-1.2903,-0.95187,1.0691,0.07402,0.88322,-0.27883,0.36972
4.6614e+05,-1.241,-13.035,4.7127,81.94,26.111,-37.275,-1.3763,-1.005,1.0349,0.066474,0.88268,-0.2722,0.37732
4.6616e+05,0.56771,-15.131,2.6736,104.73,53.163,33.8,-1.3656,-0.99943,1.0125,0.055396,0.87788,-0.27187,0.39032
4.6618e+05,-1.6721,-9.8147,2.9695,101.07,78.99,111.89,-1.3871,-1.0158,1.0404,0.038752,0.86845,-0.28207,0.40587
4.6619e+05,-19.395,-1.836,0.78769,12.477,230.43,355.35,-1.3011,-1.1224,1.0056,0.020736,0.8405,-0.32623,0.43209
4.6621e+05,-24.364,9.6442,-10.738,-110.03,-115.51,212.72,-1.1935,-1.1336,1.0617,0.010496,0.83535,-0.36103,0.41442
4.6622e+05,-9.2391,-24.737,-20.858,-210.31,55.982,243.62,-1.0538,-1.1292,1.1572,0.029196,0.81731,-0.39888,0.4148
4.6624e+05,-2.1605,-24.997,7.2706,77.273,115.81,189.58,-0.94086,-1.1243,1.1966,0.020503,0.80132,-0.41542,0.42999
4.6625e+05,-13.69,-14.59,3.8377,200.3,55.758,166.83,-0.8172,-1.1351,1.2134,-0.0079394,0.78931,-0.42406,0.44396
4.6627e+05,-7.7056,-12.037,9.3688,66.607,46.729,121.67,-0.71505,-1.1183,1.1349,-0.018746,0.77975,-0.43546,0.44945
4.6629e+05,-12.427,-9.1105,13.255,22.708,34.166,87.966,-0.63441,-1.1824,1.1286,-0.024537,0.77291,-0.44644,0.45022
4.663e+05,-19.089,-13.933,9.5975,35.133,7.7004,56.207,-0.56989,-1.086,1.1184,-0.031294,0.76993,-0.45318,0.44816
4.6632e+05,-18.026,-7.517,6.841,49.956,-2.2067,48.554,-0.47312,-1.0756,1.1409,-0.04114,0.7671,-0.45863,0.44667
4.6633e+05,-18.109,-7.3461,3.0828,3.8871,-7.3965,33.918,-0.42473,-1.1128,1.1181,-0.045911,0.76534,-0.46552,0.44209
4.6635e+05,-21.263,-3.3014,1.5616,58.055,-9.9579,37.318,-0.37097,-1.0645,1.1073,-0.058325,0.76249,-0.46996,0.44085
4.6636e+05,-18.868,1.5444,1.0798,56.983,-17.468,44.381,-0.31183,-1.0701,1.1297,-0.072231,0.75878,-0.47519,0.43958
4.6638e+05,-15.771,5.2224,1.015,62.106,-12.179,34.737,-0.27419,-1.0325,1.1133,-0.085922,0.75461,-0.47905,0.44011
4.6639e+05,-14.309,6.7225,1.2494,84.628,-14.881,37.223,-0.25806,-1.0109,1.091,-0.102,0.74979,-0.48167,0.44204
4.6641e+05,-10.941,10.026,1.0872,83.016,-14.292,47.74,-0.17742,-0.96256,1.069,-0.11859,0.74362,-0.48514,0.44453
4.6643e+05,-8.0991,10.893,-1.0925,75.546,-14.263,77.902,-0.12903,-0.95693,1.041,-0.1361,0.73469,-0.49173,0.4471
4.6644e+05,-6.6096,12.028,-0.83739,48.436,-3.5423,124.99,-0.11828,-0.93025,1.0469,-0.15241,0.72215,-0.50435,0.44823
4.6646e+05,-7.0867,12.822,-0.26795,29.323,1.9848,170.07,-0.05914,-0.83401,1.0478,-0.16917,0.70661,-0.52172,0.44709
4.6647e+05,-7.6712,12.071,-0.18491,10.027,3.5029,207.27,0.0053763,-0.82298,1.0142,-0.18581,0.6888,-0.54273,0.44325
4.6649e+05,-8.1929,10.495,-0.42276,-29.449,9.4213,235.9,0.091398,-0.78566,1.0259,-0.19948,0.67029,-0.56664,0.43571
4.665e+05,-9.1806,6.1649,-1.2832,-56.481,9.2445,259.51,0.13441,-0.75887,1.0205,-0.20962,0.65236,-0.59176,0.42462
4.6652e+05,-10.616,1.1858,0.074375,-53.592,5.8554,273.75,0.23118,-0.69493,1.0436,-0.21862,0.6351,-0.61652,0.4108
4.6654e+05,-11.741,-0.98524,0.19804,-1.9543,-1.0003,272.41,0.30108,-0.59885,1.0614,-0.23175,0.61701,-0.6369,0.39993
4.6655e+05,-11.552,-3.0384,-0.39892,65.367,1.6992,258.91,0.32796,-0.59851,1.0277,-0.24793,0.5976,-0.65179,0.39569
4.6657e+05,-13.758,-3.2319,4.553,90.587,16.554,233.21,0.41398,-0.45392,1.0067,-0.26367,0.57819,-0.66441,0.39336
4.6658e+05,-18.315,-1.6001,6.331,29.688,3.7476,173.57,0.46237,-0.45915,0.99541,-0.27335,0.5663,-0.67542,0.38522
4.666e+05,-13.897,-4.1009,5.9525,-22.944,-19.541,110.72,0.47849,-0.4108,0.97342,-0.27586,0.56363,-0.68295,0.3739
4.6661e+05,-8.9983,-10.716,6.4776,7.7098,-9.7796,60.01,0.46774,-0.42656,0.94517,-0.27563,0.56371,-0.68561,0.36903
4.6663e+05,-8.2191,-14.289,6.052,54.349,-18.966,-11.106,0.47312,-0.38925,0.95678,-0.276,0.56894,-0.68038,0.37043
4.6664e+05,-5.7368,-13.884,4.6231,74.78,-45.362,-89.94,0.42473,-0.40495,0.92292,-0.27611,0.58194,-0.66649,0.37538
4.6666e+05,-1.3188,-12.824,3.0754,73.291,-44.175,-163.53,0.41398,-0.43686,0.90574,-0.27208,0.60117,-0.64587,0.38396
4.6668e+05,0.55651,-10.749,2.2475,85.946,-34.428,-230.91,0.34409,-0.59716,0.8929,-0.26426,0.62448,-0.61837,0.39724
4.6669e+05,0.93708,-7.8118,1.63,63.846,-23.709,-289.88,0.25806,-0.66094,0.85294,-0.2499,0.6517,-0.58622,0.41132
4.6671e+05,0.3863,-4.4757,0.39284,44.236,-10.327,-337.31,0.10753,-0.75178,0.84641,-0.22933,0.68028,-0.55052,0.42609
4.6672e+05,-0.38677,-1.3836,-1.0538,-4.965,9.6471,-365.13,-0.032258,-0.85304,0.81169,-0.20102,0.70778,-0.51565,0.43904
4.6674e+05,-1.9424,-2.0189,-1.2685,-89.892,21.057,-391.58,-0.12366,-0.8527,0.77799,-0.16288,0.73537,-0.484,0.44548
4.6675e+05,-4.4058,-5.0864,-1.866,-132.78,15.53,-414.96,-0.25269,-0.9279,0.81095,-0.12012,0.76268,-0.4523,0.44645
4.6677e+05,-7.2151,-5.3423,-1.0292,-143.95,-17.106,-426.27,-0.39247,-0.99763,0.83272,-0.078879,0.78971,-0.4192,0.44091
4.6679e+05,-6.9376,-5.5293,-0.35358,-124.34,-39.865,-427.86,-0.61828,-1.0782,0.86562,-0.041325,0.81492,-0.38353,0.43255
4.668e+05,-9.9378,-7.7654,3.1844,-193.82,-51.461,-404.9,-0.85484,-1.0839,0.90489,0.0015159,0.838,-0.35296,0.41613
4.6682e+05,-9.7035,-12.908,4.2799,-174.69,-73.498,-351.32,-1,-1.0897,0.94416,0.038571,0.85773,-0.3253,0.39621
4.6683e+05,-8.4458,-17.673,10.04,-134.99,-48.65,-286.2,-1.172,-0.96723,1.0016,0.069056,0.8721,-0.3008,0.37972
4.6685e+05,-7.5086,-16.684,6.0593,67.853,-36.249,-187.12,-1.2419,-0.97804,1.0127,0.069559,0.88214,-0.27721,0.37437
4.6686e+05,-3.0534,-12.001,8.0663,69.937,18.233,-79.933,-1.3226,-0.97269,1.0127,0.064861,0.88422,-0.26628,0.37821
4.6688e+05,-0.7572,-15.616,4.7037,87.814,39.247,9.1476,-1.3441,-0.9884,0.97888,0.056466,0.88161,-0.26398,0.38717
4.6689e+05,-0.0036428,-14.502,-1.0005,171.08,76.939,80.656,-1.3495,-0.98277,0.95085,0.035727,0.87337,-0.26557,0.40671
4.6691e+05,-10.467,-2.0523,2.0796,132.59,164.49,235.34,-1.3172,-1.0953,0.97781,0.0074984,0.85463,-0.28983,0.43074
4.6693e+05,-24.608,22.076,-4.1097,-64.627,-71.142,330.09,-1.2366,-1.0418,0.97273,-0.012357,0.84332,-0.33561,0.41955
4.6694e+05,-3.1401,-15.57,11.174,-429.65,99.375,229.84,-1.0753,-1.1121,1.0507,0.031175,0.82642,-0.38712,0.40767
4.6696e+05,-7.5685,-24.887,-6.7221,79.593,15.652,225.08,-1.0376,-1.1182,1.1236,0.016084,0.8139,-0.40776,0.41358
4.6697e+05,-5.0686,-21.29,9.2545,127.35,107.11,177.03,-0.91398,-1.1717,1.1231,0.001341,0.79875,-0.42102,0.4298
4.6699e+05,-9.6976,-13.884,15.318,204.87,44.418,124.36,-0.75806,-1.0965,1.0958,-0.02449,0.78951,-0.42471,0.44238
4.67e+05,-10.954,-5.1223,14.695,-22.01,46.484,106.86,-0.69892,-1.0801,1.0566,-0.026138,0.78067,-0.44081,0.44221
4.6702e+05,-18.653,-14.455,12.175,0.60476,25.821,70.144,-0.59677,-1.0962,1.0677,-0.028578,0.77594,-0.45122,0.43989
4.6704e+05,-18.891,-8.9769,9.2876,94.525,1.7915,58.992,-0.52151,-1.1019,1.0957,-0.043035,0.77221,-0.45516,0.44122
4.6705e+05,-18.357,-6.5496,3.6786,2.0138,2.4422,52.59,-0.4086,-1.0533,1.0569,-0.048225,0.76859,-0.46429,0.43746
4.6707e+05,-20.046,-5.6237,2.0807,50.347,-6.6136,49.232,-0.41935,-1.0912,1.1014,-0.059423,0.76505,-0.47031,0.43586
4.6708e+05,-19.357,0.95394,2.322,45.162,-17.389,48.056,-0.33333,-1.0749,1.0679,-0.071946,0.76128,-0.47674,0.43359
4.671e+05,-16.553,2.7452,0.39204,60.466,-20.821,47.827,-0.24194,-0.9786,1.0689,-0.08667,0.75694,-0.48191,0.43276
4.6711e+05,-14.323,5.1953,0.29427,55.445,-21.115,45.108,-0.23118,-0.97838,1.0464,-0.10064,0.75222,-0.48702,0.43226
4.6713e+05,-11.933,6.717,0.51411,57.676,-20.998,47.051,-0.17204,-0.97286,1.0296,-0.11474,0.74694,-0.49192,0.43235
4.6714e+05,-9.4417,7.9785,0.021513,59.831,-19.539,59.221,-0.17204,-0.94596,1.013,-0.12919,0.74019,-0.49765,0.43334
4.6716e+05,-7.2273,9.6236,-0.072423,43.103,-10.325,91.864,-0.10215,-0.8926,1.0248,-0.14317,0.73063,-0.50711,0.43419
4.6718e+05,-6.9423,10.139,-0.12466,44.464,-2.0724,136.36,-0.064516,-0.82303,1.0199,-0.15914,0.71742,-0.52029,0.43507
4.6719e+05,-7.0122,11.966,0.049538,31.76,-2.246,179.13,-0.021505,-0.8442,0.99718,-0.17645,0.70101,-0.53766,0.43402
4.6721e+05,-7.02,12.942,-0.049209,6.0483,-2.6433,216.13,0.037634,-0.81724,0.97497,-0.19351,0.68237,-0.55841,0.43025
4.6722e+05,-7.9586,10.433,-0.059591,-51.706,2.815,243.09,0.12903,-0.79101,1.0258,-0.20528,0.66461,-0.58219,0.42096
4.6724e+05,-8.6282,5.1768,-0.69716,-59.922,4.9077,260.84,0.19892,-0.68412,1.0325,-0.21404,0.64821,-0.60528,0.40945
4.6725e+05,-9.8396,-0.10321,-0.73798,-58.058,10.987,274.92,0.22581,-0.6199,1.0275,-0.22084,0.63071,-0.6294,0.3966
4.6727e+05,-11.647,-2.0394,0.82699,10.832,7.8627,269.08,0.30645,-0.53998,1.0564,-0.23316,0.61173,-0.64887,0.38779
4.6729e+05,-15.01,-2.8461,3.7491,59.536,5.9453,249.09,0.43011,-0.52883,1.0116,-0.24881,0.59273,-0.66419,0.38161
4.673e+05,-19.978,-2.83,6.9285,18.658,-1.6773,208.63,0.44086,-0.42161,0.98455,-0.26047,0.57775,-0.67899,0.37057
4.6732e+05,-16.717,-2.1071,6.1853,-11.056,-19.207,149.77,0.46237,-0.41075,0.9678,-0.26683,0.57073,-0.68887,0.35851
4.6733e+05,-11.271,-5.6682,5.5535,28.824,-11.581,95.633,0.48925,-0.3682,0.9907,-0.27078,0.56703,-0.69257,0.35426
4.6735e+05,-10.037,-9.7956,7.3318,5.6548,-15.685,28.912,0.48387,-0.34124,0.9685,-0.26948,0.57028,-0.69274,0.34967
4.6736e+05,-7.854,-13.665,6.1583,-13.082,-25.895,-43.736,0.47312,-0.43197,0.95074,-0.26361,0.58134,-0.68775,0.34577
4.6738e+05,-4.6078,-16.387,4.8503,8.5008,-41.46,-118.9,0.44624,-0.41064,0.95657,-0.25697,0.59901,-0.6749,0.34591
4.6739e+05,-2.6367,-13.876,4.4373,53.498,-45.66,-192.01,0.37634,-0.48561,0.96705,-0.25061,0.62152,-0.65291,0.35301
4.6741e+05,-1.9729,-9.0884,1.9858,56.834,-54.398,-257.52,0.34409,-0.52821,0.94977,-0.24212,0.64927,-0.62319,0.36256
4.6743e+05,-0.20264,-6.0682,0.51561,27.669,-41.374,-310.2,0.20968,-0.61377,0.94892,-0.22674,0.67982,-0.58931,0.37302
4.6744e+05,-0.69391,-3.7492,-1.3818,-2.1346,-22.648,-354.32,0.037634,-0.80013,0.8684,-0.20413,0.7106,-0.55279,0.38444
4.6746e+05,-1.6279,-3.2777,-1.9045,-65.887,-7.7285,-382.98,-0.053763,-0.81651,0.90195,-0.17265,0.74103,-0.517,0.39214
4.6747e+05,-2.2522,-5.8446,-1.9364,-117.68,-10.571,-410.34,-0.21505,-0.88624,0.92372,-0.13464,0.77121,-0.48134,0.39422
4.6749e+05,-3.5238,-8.7228,-1.9779,-93.862,-32.867,-430.46,-0.32258,-0.94517,0.93437,-0.099561,0.8003,-0.44137,0.39345
4.675e+05,-1.6334,-5.7875,-4.5923,-23.201,-44.338,-435.61,-0.55376,-1.0042,0.95063,-0.073428,0.82483,-0.39624,0.39656
4.6752e+05,-2.741,-3.5791,0.2862,-135.03,-34.691,-436.56,-0.67742,-0.99335,0.9395,-0.035369,0.84737,-0.35718,0.39132
4.6754e+05,-9.7822,-10.933,5.4194,-194.26,-46.391,-387.6,-0.93548,-1.0633,0.97813,0.0066246,0.8677,-0.32524,0.37586
4.6755e+05,-11.694,-12.672,6.7202,-148.38,-61.152,-314.87,-1.0538,-1.0049,1.0237,0.037744,0.88369,-0.29821,0.35881
4.6757e+05,-11.546,-15.665,7.4146,-67.11,-52.271,-228.32,-1.1935,-0.97855,1.0632,0.055114,0.89503,-0.27626,0.34577
4.6758e+05,-4.1943,-12.501,6.9294,47.043,-18.71,-118.44,-1.2957,-1.0161,1.0797,0.05363,0.89953,-0.26214,0.34534
4.676e+05,0.60552,-14.633,6.5585,11.511,24.581,9.8142,-1.3441,-0.91399,1.0246,0.053866,0.89641,-0.26393,0.35198
4.6761e+05,-1.2152,-16.987,2.3842,107.55,61.971,85.962,-1.3495,-0.93054,1.075,0.040948,0.8894,-0.26965,0.36684
4.6763e+05,-1.0556,-13.264,4.5917,106.27,103.35,150.68,-1.2903,-0.9517,1.0523,0.02537,0.87757,-0.28354,0.38578
4.6764e+05,-23.206,6.2979,-12.747,212.24,181.21,317.07,-1.2312,-1.0376,1.0851,-0.014842,0.85359,-0.31215,0.4168
4.6766e+05,-20.838,13.412,5.0703,-242.85,-30.082,214.71,-1.0968,-1.0908,1.0565,-0.0056059,0.84456,-0.35552,0.40037
4.6768e+05,-7.5234,-24.845,-8.396,-306.89,120.91,213.79,-1.0215,-1.0916,1.1352,0.030104,0.82658,-0.39591,0.39888
4.6769e+05,-0.56235,-24.989,8.0818,233.59,64.547,172,-0.90323,-1.0501,1.2648,0.0024939,0.8149,-0.40235,0.41719
4.6771e+05,-17.068,-8.3689,5.1914,157.48,51.422,168.56,-0.84409,-1.0549,1.2142,-0.023487,0.80244,-0.41536,0.4278
4.6772e+05,-12.201,-7.2284,10.637,41.237,55.038,123.73,-0.7043,-1.1132,1.1574,-0.032418,0.79208,-0.42973,0.43231
4.6774e+05,-13.617,-11.72,12,-43.152,42.062,91.881,-0.56452,-1.1024,1.1519,-0.030269,0.78503,-0.44502,0.42985
4.6775e+05,-18.875,-13.528,8.3266,64.353,11.845,58.593,-0.51075,-1.0546,1.1805,-0.040058,0.78135,-0.45043,0.43011
4.6777e+05,-17.533,-7.568,6.3394,48.709,17.139,47.931,-0.43548,-1.0224,1.1752,-0.048451,0.77726,-0.45606,0.43074
4.6779e+05,-19.663,-4.6775,1.7445,10.198,6.2187,43.652,-0.4086,-1.0114,1.136,-0.054635,0.7735,-0.46402,0.42826
4.678e+05,-20.963,-0.48587,2.0144,37.496,-3.2661,47.043,-0.33333,-1.0276,1.1583,-0.065605,0.76934,-0.47088,0.42672
4.6782e+05,-18.634,2.3771,0.96997,51.641,-4.3791,45.816,-0.25806,-0.95828,1.1758,-0.078585,0.7646,-0.47656,0.42673
4.6783e+05,-14.974,4.4772,-0.50256,87.425,-5.1984,38.134,-0.20968,-0.93656,1.1423,-0.095019,0.75921,-0.47916,0.4301
4.6785e+05,-11.572,7.278,-0.34414,94.302,-4.4961,44.404,-0.17742,-0.92564,1.12,-0.11221,0.75257,-0.48176,0.43469
4.6786e+05,-9.1179,9.7523,1.0184,70.209,-6.6544,55.711,-0.17204,-0.88275,1.1092,-0.12706,0.74541,-0.48662,0.43751
4.6788e+05,-7.7031,8.672,-0.50838,55.228,-4.8645,87.182,-0.1129,-0.87183,1.0868,-0.14169,0.73602,-0.49512,0.43939
4.6789e+05,-7.3351,8.9732,0.2212,18.732,1.5865,128.8,-0.096774,-0.82905,1.0872,-0.15401,0.72427,-0.50951,0.4383
4.6791e+05,-7.2981,9.544,0.49234,21.331,3.8204,164.95,-0.026882,-0.85044,1.087,-0.16854,0.70971,-0.52657,0.43662
4.6793e+05,-7.6245,11.084,-0.21841,21.735,2.2542,200.42,0.037634,-0.79146,1.0707,-0.18599,0.69228,-0.54557,0.43418
4.6794e+05,-7.4595,12.408,-1.9023,-6.9755,3.3709,230.41,0.064516,-0.73782,1.0544,-0.20274,0.67273,-0.56683,0.43015
4.6796e+05,-8.422,7.8024,-2.0785,-62.104,19.174,264.56,0.21505,-0.67376,1.0663,-0.2134,0.65466,-0.59065,0.42072
4.6797e+05,-10.661,1.8609,-1.6302,-53.452,19.971,281.91,0.23656,-0.63104,1.0723,-0.22227,0.63605,-0.61568,0.40863
4.6799e+05,-12.255,-1.2338,-1.0746,-1.9755,20.927,275.86,0.33333,-0.52956,1.0846,-0.23418,0.61667,-0.63665,0.39944
4.68e+05,-12.561,-3.7211,-0.21101,59.568,9.9869,260.04,0.39785,-0.49714,1.0512,-0.24981,0.59706,-0.65236,0.39439
4.6802e+05,-17.274,-4.4367,5.6624,88.699,23.962,230.28,0.40323,-0.46489,1.0347,-0.26523,0.57685,-0.66606,0.39149
4.6804e+05,-19.526,-3.405,6.337,33.718,6.461,170.94,0.48387,-0.35761,1.002,-0.27513,0.56448,-0.67721,0.38347
4.6805e+05,-13.522,-4.8626,5.6595,24.459,-8.4208,119.27,0.49462,-0.30915,0.96882,-0.28074,0.55862,-0.68342,0.3769
4.6807e+05,-10.57,-8.1294,7.2467,41.985,16.874,69.802,0.52151,-0.36769,0.94014,-0.28169,0.55529,-0.68603,0.37638
4.6808e+05,-9.2877,-11.037,6.6522,21.522,-4.5364,-4.5633,0.47312,-0.3409,0.93479,-0.27883,0.56058,-0.68346,0.37535
4.681e+05,-5.327,-13.641,6.3043,6.2149,-18.741,-81.817,0.46774,-0.40534,0.96224,-0.27165,0.57418,-0.67492,0.37551
4.6811e+05,-2.1897,-14.906,5.4917,32.196,-20.031,-155.17,0.40323,-0.41587,0.94528,-0.2625,0.59322,-0.65872,0.38113
4.6813e+05,-1.2148,-11.826,4.6045,64.197,-29.635,-227.44,0.33333,-0.46371,0.91671,-0.25278,0.61753,-0.63356,0.39162
4.6814e+05,-0.5332,-8.3108,2.5019,69.778,-36.532,-288.99,0.23656,-0.54347,0.87097,-0.24039,0.64603,-0.60117,0.40429
4.6816e+05,0.42179,-4.8373,0.0040378,68.859,-23.714,-335.52,0.16667,-0.62367,0.87017,-0.22381,0.67558,-0.56341,0.41959
4.6818e+05,-0.51427,-1.5907,-1.2018,16.793,0.02444,-366.96,0.069892,-0.76765,0.8294,-0.19839,0.70457,-0.52578,0.43333
4.6819e+05,-1.8716,-3.4775,-0.46313,-86.572,8.6983,-395.85,-0.14516,-0.82079,0.79516,-0.16121,0.73394,-0.493,0.43852
4.6821e+05,-2.6065,-4.723,-2.254,-94.34,1.5455,-417.13,-0.2043,-0.89013,0.77762,-0.12291,0.76182,-0.45796,0.44136
4.6822e+05,-5.4216,-3.0454,-2.0967,-133.8,-22.138,-424.73,-0.47849,-0.92756,0.77724,-0.083269,0.78851,-0.42432,0.43734
4.6824e+05,-6.0933,-5.2139,-0.55886,-175.01,-51.731,-427.53,-0.56452,-0.98654,0.79351,-0.041006,0.81501,-0.39137,0.42532
4.6825e+05,-7.1664,-8.7305,0.033802,-171.34,-73.14,-417.88,-0.7957,-1.0565,0.83775,-0.00074402,0.83956,-0.3576,0.40897
4.6827e+05,-9.7909,-11.329,4.849,-213.21,-88.028,-367.69,-0.91398,-1.0886,0.84305,0.04012,0.86059,-0.33035,0.38554
4.6829e+05,-11.569,-15.763,8.6423,-127.3,-82.402,-295.83,-1.172,-1.036,0.92784,0.067371,0.87712,-0.30489,0.36491
4.683e+05,-8.7014,-15.189,5.3153,-34.263,-64.797,-202.68,-1.3172,-0.9777,0.97899,0.078358,0.88785,-0.28522,0.35246
4.6832e+05,-2.5946,-15.551,7.3848,12.824,-0.70987,-93.049,-1.371,-1.0415,0.93902,0.081761,0.89052,-0.27531,0.35283
4.6833e+05,-0.61145,-16.135,4.3024,91.852,24.151,12.548,-1.4194,-0.96127,0.93983,0.071755,0.88805,-0.2737,0.36236
4.6835e+05,-0.57853,-15.867,-0.48975,100.41,60.785,80.471,-1.4462,-1.0469,0.94459,0.059299,0.88034,-0.2793,0.3788
4.6836e+05,-4.0014,-7.6015,17.125,99.492,133.24,183.62,-1.4032,-1.0522,0.94453,0.04134,0.86685,-0.29772,0.39776
4.6838e+05,-24.61,12.086,0.9591,-55.302,99.442,407.1,-1.2581,-1.0896,0.93854,0.024041,0.84223,-0.35166,0.40792
4.6839e+05,-4.2276,-10.747,10.73,-263.62,111.93,212.81,-1.2043,-1.1812,1.005,0.048624,0.82377,-0.39227,0.40639
4.6841e+05,-7.4539,-24.9,-5.2151,-46.701,70.826,231,-1.0914,-1.1289,1.1292,0.049759,0.80707,-0.42013,0.41188
4.6843e+05,-6.609,-22.849,6.3319,204.72,104.1,173.69,-0.98387,-1.1612,1.1457,0.026467,0.79304,-0.42785,0.43283
4.6844e+05,-12.775,-8.0838,11.454,97.443,59.017,148.94,-0.86559,-1.1552,1.0783,0.0095701,0.78119,-0.44105,0.44173
4.6846e+05,-10.619,-11.831,11.547,-13.293,58.378,103.39,-0.71505,-1.1336,1.0617,0.0084955,0.77193,-0.45533,0.44354
4.6847e+05,-14.939,-14.306,10.744,49.277,38.149,75.666,-0.64516,-1.0751,1.096,0.0011451,0.7659,-0.46282,0.44632
4.6849e+05,-19.115,-10.932,8.2176,47.864,20.523,54.141,-0.55376,-1.0964,1.0845,-0.0071721,0.76187,-0.46876,0.44696
4.685e+05,-18.396,-6.5634,5.0155,47.462,4.5066,44.068,-0.52151,-0.98468,1.1418,-0.016941,0.75876,-0.47384,0.44662
4.6852e+05,-20.124,-4.935,2.641,31.429,-0.011269,40.555,-0.43548,-1.022,1.1302,-0.025956,0.75575,-0.47986,0.44487
4.6854e+05,-21.27,-0.1669,2.7374,56.484,-11.925,44.669,-0.37097,-1.011,1.0966,-0.039584,0.75244,-0.485,0.44389
4.6855e+05,-16.254,3.7648,1.1643,77.617,-10.578,42.183,-0.27957,-0.95249,1.1309,-0.055656,0.74824,-0.48831,0.44563
4.6857e+05,-15.043,6.4089,0.16667,68.625,-13.116,37.147,-0.24194,-0.90397,1.0921,-0.070926,0.74396,-0.49154,0.44709
4.6858e+05,-12.448,6.9401,-0.35628,91.825,-20.187,42.024,-0.23656,-0.87718,1.0867,-0.088873,0.7391,-0.49351,0.44976
4.686e+05,-9.9725,8.8432,0.83208,63.025,-18.505,57.821,-0.17742,-0.93025,1.0469,-0.10426,0.73306,-0.49875,0.45057
4.6861e+05,-8.123,10.017,-0.065397,47.242,-11.107,95.591,-0.17204,-0.88759,1.0585,-0.11961,0.72371,-0.50836,0.45112
4.6863e+05,-7.5112,10.769,-0.30477,31.759,-6.3735,134.6,-0.13978,-0.87695,1.0643,-0.13528,0.71132,-0.52228,0.4505
4.6864e+05,-6.5975,11.133,-0.38838,15.868,-2.4989,170.02,-0.016129,-0.78588,1.0483,-0.15169,0.69652,-0.53922,0.44844
4.6866e+05,-6.3624,10.421,-0.94736,10.24,0.10771,197.39,0.043011,-0.76433,1.0317,-0.16872,0.67982,-0.55743,0.4457
4.6868e+05,-7.0116,9.1655,-0.3881,-27.204,3.2398,223.81,0.075269,-0.72695,1.0377,-0.18227,0.66289,-0.57865,0.43878
4.6869e+05,-7.9057,5.2022,-1.2921,-57.91,3.0472,250.33,0.13978,-0.66819,1.0439,-0.19254,0.64653,-0.60152,0.4279
4.6871e+05,-9.4297,0.47107,-0.43898,-57.412,3.9914,269.24,0.23656,-0.60949,1.0557,-0.20162,0.62989,-0.6251,0.41452
4.6872e+05,-11.075,-2.0371,-0.046785,11.245,4.185,262.98,0.28495,-0.61483,1.0556,-0.21503,0.61179,-0.64381,0.40618
4.6874e+05,-11.288,-3.8449,1.2463,75.092,4.5221,252,0.33333,-0.52894,1.0228,-0.232,0.59248,-0.65787,0.40293
4.6875e+05,-17.012,-1.6715,6.2349,81.876,24.55,227.25,0.39247,-0.422,1.0239,-0.24794,0.57277,-0.67119,0.39995
4.6877e+05,-19.321,0.41517,5.0158,10.479,-14.824,161.8,0.4086,-0.40045,1.0072,-0.25879,0.56318,-0.68151,0.38911
4.6879e+05,-11.045,-4.9259,5.9367,-29.813,-14.336,115.41,0.45699,-0.38418,0.98492,-0.26023,0.55998,-0.68976,0.37805
4.688e+05,-9.7489,-10.75,6.6745,25.483,9.3145,64.517,0.42473,-0.36808,0.97947,-0.2601,0.5579,-0.69275,0.37577
4.6882e+05,-8.765,-12.948,6.7708,26.111,-16.159,-6.7285,0.43548,-0.35733,0.97395,-0.25851,0.56372,-0.68947,0.37419
4.6883e+05,-5.5462,-14.404,5.5957,18.628,-25.691,-79.461,0.37097,-0.3785,0.95127,-0.25297,0.57697,-0.68032,0.37454
4.6885e+05,-3.1002,-13.264,3.8123,58.791,-32.13,-159.65,0.33333,-0.42651,0.93956,-0.2468,0.59629,-0.66171,0.38166
4.6886e+05,-1.8651,-10.424,2.6843,57.826,-29.679,-228.36,0.27419,-0.51167,0.89938,-0.23652,0.62101,-0.63646,0.39157
4.6888e+05,-1.0323,-7.2523,1.0256,53.595,-28.33,-288.62,0.2043,-0.58647,0.89301,-0.22219,0.64967,-0.60489,0.40333
4.6889e+05,-0.78732,-2.811,-1.3974,34.116,-8.5709,-330.28,0.069892,-0.67664,0.81908,-0.20181,0.67863,-0.56992,0.41704
4.6891e+05,-2.2588,-1.3251,-1.4575,-62.354,14.57,-357.56,0,-0.78308,0.76745,-0.16919,0.70775,-0.53855,0.42476
4.6893e+05,-4.4853,-3.6259,-0.43051,-136.16,4.529,-385.16,-0.15591,-0.86339,0.77788,-0.12971,0.73749,-0.50972,0.42364
4.6894e+05,-5.4538,-5.9303,-1.4512,-151.78,-8.565,-410.34,-0.36559,-0.93313,0.79966,-0.088554,0.76655,-0.47856,0.41899
4.6896e+05,-8.7095,-8.7038,-1.7404,-143.83,-40.766,-431.2,-0.5,-1.0294,0.79869,-0.049984,0.79579,-0.44366,0.40912
4.6897e+05,-5.4403,-8.2522,-2.1731,-28.049,-83.76,-436.77,-0.67204,-1.0669,0.80956,-0.026033,0.82331,-0.40014,0.40171
4.6899e+05,-4.7627,-4.0576,2.213,-89.622,-67.951,-420.39,-0.7957,-1.0722,0.79827,0.0030316,0.84637,-0.36157,0.39104
4.69e+05,-9.8215,-8.097,4.7606,-129.68,-62.53,-370.93,-1.0645,-1.1313,0.83138,0.033801,0.86559,-0.32964,0.37543
4.6902e+05,-12.291,-14.029,6.4958,-127.85,-68.229,-292.08,-1.2473,-1.1531,0.87049,0.060695,0.88086,-0.30488,0.35701
4.6904e+05,-6.7427,-13.824,4.8907,-59.832,-48.122,-194.46,-1.3441,-1.0787,0.91618,0.074991,0.88943,-0.28758,0.34725
4.6905e+05,-1.7455,-20.148,6.9859,87.191,-6.8235,-99.736,-1.4355,-1.0519,0.91083,0.072075,0.89345,-0.2723,0.34986
4.6907e+05,1.4213,-15.509,5.9676,100.99,28.189,-6.4387,-1.4516,-1.0571,0.89954,0.062781,0.89116,-0.26795,0.3607
4.6908e+05,-1.1096,-12.452,3.8764,152.69,61.741,78.884,-1.4892,-1.0623,0.88264,0.042318,0.88395,-0.27189,0.37806
4.691e+05,-16.613,-5.8528,5.2573,57.549,228.07,345.19,-1.4946,-1.1529,0.84802,0.021012,0.85845,-0.31297,0.40581
4.6911e+05,-24.477,16.762,-8.029,-120.35,-82.212,285.05,-1.3226,-1.132,0.90441,0.010913,0.84814,-0.35627,0.39194
4.6913e+05,-9.1935,-24.81,-1.4123,-386.05,58.268,258.15,-1.172,-1.1494,1.0391,0.049426,0.83074,-0.40597,0.37765
4.6914e+05,-1.1443,-25.027,12.497,112.32,30.448,202.3,-1.1129,-1.1607,1.0951,0.03241,0.81881,-0.4233,0.38642
4.6916e+05,-15.204,-18.826,0.35849,155.35,76.063,163.62,-0.97312,-1.1658,1.067,0.011937,0.80607,-0.43513,0.40096
4.6918e+05,-10.057,-11.308,7.3044,107.87,54.901,124.46,-0.91398,-1.1923,1.0499,-0.0030628,0.79532,-0.44558,0.41098
4.6919e+05,-13.072,-9.0901,9.3567,22.359,39.911,85.748,-0.80645,-1.096,1.0452,-0.0082446,0.78766,-0.4567,0.41346
4.6921e+05,-18.44,-13.493,7.6445,11.594,14.271,59.952,-0.69355,-1.0482,1.0794,-0.012316,0.78359,-0.46542,0.41137
4.6922e+05,-18.318,-8.6373,5.1642,94.781,3.9244,43.756,-0.63978,-1.1071,1.0844,-0.026334,0.78011,-0.46829,0.41406
4.6924e+05,-19.251,-4.5313,2.1718,10.457,-8.5795,42.812,-0.5,-1.059,1.0849,-0.033661,0.77687,-0.47617,0.41061
4.6925e+05,-20.377,-2.4125,1.3625,44.657,-10.375,39.641,-0.48387,-0.98412,1.0857,-0.045238,0.77337,-0.48186,0.40947
4.6927e+05,-18.128,-0.30859,1.7554,61.788,-15.728,41.278,-0.41398,-0.95744,1.0915,-0.059072,0.76953,-0.48654,0.4094
4.6929e+05,-13.841,5.801,1.1847,86.264,-10.668,33.882,-0.40323,-0.95733,1.0803,-0.075192,0.76443,-0.48907,0.41329
4.693e+05,-13.61,7.3916,0.88963,72.504,-11.314,41.715,-0.31183,-0.97872,1.0801,-0.090529,0.75864,-0.49306,0.41612
4.6932e+05,-10.597,7.9123,0.6117,61.484,-12.891,53.036,-0.26344,-0.90898,1.0583,-0.10492,0.75195,-0.49838,0.41853
4.6933e+05,-8.8277,10.209,-0.46811,54.51,-10.266,81.275,-0.22581,-0.92502,1.0582,-0.1201,0.7426,-0.50667,0.42119
4.6935e+05,-7.1198,10.66,-1.1453,26.554,-4.6568,117.75,-0.19892,-0.89311,1.0753,-0.13369,0.73048,-0.51963,0.4225
4.6936e+05,-7.3729,9.9157,-0.16734,8.712,0.66387,156.86,-0.17204,-0.8662,1.0588,-0.14665,0.71578,-0.53697,0.42168
4.6938e+05,-7.1323,10.139,-0.25909,8.6167,0.039187,189.44,-0.1129,-0.88208,1.0417,-0.16129,0.69844,-0.55641,0.42021
4.6939e+05,-7.2435,10.387,-0.84808,-21.412,3.5007,216.22,0.010753,-0.75386,1.0543,-0.17512,0.6799,-0.57757,0.41651
4.6941e+05,-7.9961,8.1584,-0.66103,-63.463,10.096,242.52,0.05914,-0.73787,1.06,-0.18463,0.66119,-0.60146,0.40865
4.6943e+05,-8.6474,3.2056,-1.1629,-59.441,16.634,266.52,0.13978,-0.68986,1.0718,-0.19247,0.64244,-0.62493,0.39962
4.6944e+05,-9.6859,-0.3667,-1.0644,-38.725,18.999,277.43,0.17204,-0.66847,1.072,-0.20047,0.62269,-0.64768,0.39063
4.6946e+05,-11.529,-2.3892,-0.65726,17.921,17.323,265.59,0.29032,-0.59891,1.067,-0.21254,0.60301,-0.66557,0.385
4.6947e+05,-14.124,-5.4998,2.9242,75.403,20.453,246.69,0.28495,-0.55073,1.0619,-0.22723,0.58205,-0.6805,0.38274
4.6949e+05,-21.588,-4.2106,6.7902,49.145,14.471,199.47,0.34946,-0.50215,1.0175,-0.23986,0.56516,-0.69374,0.37654
4.695e+05,-17.912,-3.1741,5.5964,11.131,-18.39,132,0.43548,-0.43253,1.0069,-0.24783,0.55848,-0.70135,0.36713
4.6952e+05,-9.8437,-6.2515,5.5499,57.265,3.3875,82.222,0.42473,-0.37377,1.0131,-0.25177,0.55421,-0.70311,0.36757
4.6954e+05,-10.22,-8.9164,5.8086,69.253,1.8202,16.415,0.4086,-0.38401,0.96807,-0.25321,0.55567,-0.69965,0.37096
4.6955e+05,-7.4425,-10.546,5.7117,34.613,-13.198,-55.102,0.38172,-0.39431,0.92864,-0.24934,0.56578,-0.69186,0.37289
4.6957e+05,-3.9769,-13.033,4.1552,20.325,-16.343,-127.14,0.33871,-0.43703,0.9226,-0.24049,0.58296,-0.67871,0.37639
4.6958e+05,-2.0899,-12.311,4.6271,42.364,-20.618,-201.06,0.26344,-0.54324,0.8485,-0.22964,0.60588,-0.65767,0.38426
4.696e+05,-1.4732,-9.2641,2.989,56.411,-30.315,-264.28,0.16129,-0.57527,0.84256,-0.21712,0.63341,-0.62916,0.39473
4.6961e+05,-0.51067,-5.5353,1.795,39.825,-26.444,-317.33,0.05914,-0.67107,0.79666,-0.19952,0.66373,-0.5958,0.40579
4.6963e+05,-0.67325,-3.058,0.25184,-6.7119,-7.5917,-358.57,0.0053763,-0.73495,0.76793,-0.17371,0.69484,-0.56071,0.41548
4.6964e+05,-1.7018,-4.1369,1.0139,-77.985,0.28968,-390.45,-0.14516,-0.90589,0.74937,-0.13913,0.72579,-0.52765,0.41888
4.6966e+05,-2.4859,-5.4202,-0.70557,-85.598,-0.049091,-413.55,-0.25269,-0.95379,0.72642,-0.10309,0.75492,-0.49243,0.4207
4.6968e+05,-4.2983,-5.8702,-1.427,-102.7,-9.3557,-429.43,-0.43011,-0.98092,0.76547,-0.066101,0.78248,-0.456,0.41883
4.6969e+05,-4.7181,-4.5312,-0.38165,-123.29,-35.498,-433.46,-0.69892,-1.0454,0.79853,-0.029283,0.80866,-0.41943,0.41145
4.6971e+05,-5.6147,-8.7466,1.9769,-132.86,-39.83,-432.37,-0.82258,-1.1306,0.76397,0.0085914,0.83293,-0.38214,0.40015
4.6972e+05,-8.9684,-11.638,2.4325,-132.61,-61.543,-391.52,-1.0376,-1.1421,0.83689,0.042226,0.85419,-0.3481,0.38392
4.6974e+05,-10.668,-12.759,7.8742,-122.68,-48.499,-319.95,-1.1505,-1.0783,0.88247,0.070544,0.87017,-0.32039,0.36766
4.6975e+05,-10.464,-16.03,5.9158,1.5645,-44.57,-215.22,-1.3495,-1.0955,0.98905,0.078933,0.88154,-0.29755,0.35795
4.6977e+05,-3.055,-10.85,7.5718,25.874,8.9356,-108.97,-1.4032,-1.0415,0.93902,0.07968,0.88426,-0.28616,0.36034
4.6979e+05,-1.1505,-16.432,4.294,88.758,31.829,-8.9894,-1.4624,-1.09,0.98348,0.072011,0.88244,-0.28198,0.36959
4.698e+05,-0.96603,-16.564,0.55964,160.52,59.57,69.773,-1.457,-1.047,0.96144,0.053347,0.87607,-0.28299,0.38675
4.6982e+05,-4.2188,-10.142,13.603,70.628,130.08,196.16,-1.457,-1.0844,0.95545,0.038972,0.86178,-0.30404,0.40421
4.6983e+05,-24.239,16.308,-19.718,97.12,120.22,412.97,-1.328,-1.1967,0.94871,0.005783,0.83531,-0.34842,0.42525
4.6985e+05,-3.9343,-1.6419,4.1611,-388.44,99.656,233.61,-1.172,-1.2024,0.99359,0.039168,0.8145,-0.40088,0.41755
4.6986e+05,-6.9233,-24.865,-8.2697,-154.42,72.222,246.65,-1.0806,-1.2094,1.1508,0.051837,0.79548,-0.43604,0.4176
4.6988e+05,0.77533,-25.048,15.324,160.62,110.75,185.79,-0.96237,-1.1933,1.151,0.034096,0.77985,-0.44675,0.43713
4.6989e+05,-11.092,-13.694,16.873,227.15,55.643,130.59,-0.89785,-1.1772,1.1455,0.0059374,0.77009,-0.44903,0.4531
4.6991e+05,-11.975,-4.4881,13.667,29.044,48.453,108.69,-0.77419,-1.2136,1.0384,-0.0019189,0.76043,-0.46197,0.45643
4.6993e+05,-17.971,-11.294,12.611,-51.108,29.123,77.963,-0.72581,-1.1387,1.0392,-0.00017299,0.75444,-0.47631,0.45161
4.6994e+05,-18.726,-13.292,9.222,76.667,12.117,54.988,-0.61828,-1.1175,1.0562,-0.011219,0.75095,-0.48023,0.45312
4.6996e+05,-19.797,-5.8989,5.4539,43.742,5.3324,47.141,-0.52151,-1.1073,1.1069,-0.020805,0.74742,-0.48602,0.45246
4.6997e+05,-21.055,-3.8244,1.6307,39.289,-7.1057,42.338,-0.48387,-1.1016,1.0733,-0.031402,0.74427,-0.49192,0.45066
4.6999e+05,-20.257,-1.7438,1.6836,37.049,-15.549,42.819,-0.41398,-1.0214,1.0741,-0.042639,0.7413,-0.49784,0.44812
4.7e+05,-16.109,1.5603,2.2521,92.153,-18.93,36.005,-0.37097,-1.0106,1.0629,-0.059156,0.73807,-0.4995,0.44974
4.7002e+05,-13.822,6.2273,1.2494,85.691,-18.884,32.273,-0.30108,-0.98378,1.052,-0.075401,0.73421,-0.50111,0.45181
4.7004e+05,-11.339,7.2091,0.68159,84.192,-23.083,34.019,-0.25806,-0.95688,1.0354,-0.091555,0.73008,-0.5027,0.45376
4.7005e+05,-8.7313,8.0591,1.2101,72.289,-21.195,49.532,-0.26344,-0.97799,1.0071,-0.10642,0.7246,-0.5064,0.45518
4.7007e+05,-6.9974,9.8532,0.36591,46.671,-14.127,85.917,-0.15054,-0.9566,1.0073,-0.12089,0.71609,-0.51491,0.45548
4.7008e+05,-6.5366,9.6264,0.3321,31.644,-6.717,121.04,-0.17742,-0.88703,1.0024,-0.13467,0.7049,-0.52733,0.45487
4.701e+05,-6.5782,10.04,0.39606,15.433,-6.9241,156.13,-0.1129,-0.90279,0.97412,-0.14892,0.69134,-0.54349,0.4522
4.7011e+05,-5.8349,9.9414,0.029016,5.7138,-10.039,186.18,-0.053763,-0.85495,1.0027,-0.16389,0.6761,-0.56146,0.4481
4.7013e+05,-6.1199,9.3216,-0.47401,-43.412,-3.1551,215.81,0.032258,-0.80677,0.99755,-0.17533,0.65995,-0.58303,0.44023
4.7014e+05,-7.5916,5.4631,-1.4671,-83.727,3.9695,251.85,0.1129,-0.7377,1.0432,-0.1834,0.64345,-0.60756,0.42803
4.7016e+05,-9.1602,1.2176,-0.42882,-78.998,3.4518,276.11,0.12903,-0.70016,1.0323,-0.19091,0.62555,-0.63338,0.4136
4.7018e+05,-11.343,-1.6552,-0.69625,10.91,6.5798,270.86,0.23656,-0.65739,1.0328,-0.20487,0.60623,-0.65244,0.40599
4.7019e+05,-11.583,-2.1354,-0.48658,93.176,2.2003,255.47,0.29032,-0.59328,1.039,-0.22426,0.58617,-0.66473,0.40528
4.7021e+05,-14.377,-2.0333,3.5829,93.412,28.622,248.25,0.37097,-0.47525,1.0009,-0.2411,0.56453,-0.678,0.40434
4.7022e+05,-23.617,-0.60574,6.4686,30.28,15.107,191.72,0.45699,-0.47474,0.95031,-0.25341,0.54917,-0.69102,0.39583
4.7024e+05,-16.371,-1.9643,6.8889,-51.804,-18.922,142.59,0.48925,-0.41587,0.94528,-0.25696,0.54415,-0.70243,0.38009
4.7025e+05,-12.603,-8.2036,6.5389,27.06,10.458,97.39,0.49462,-0.38902,0.93431,-0.25924,0.53896,-0.70756,0.3764
4.7027e+05,-12.565,-9.9793,7.3167,22.572,-24.073,27.61,0.45161,-0.36758,0.92891,-0.26063,0.54212,-0.70693,0.37205
4.7029e+05,-8.4922,-12.316,6.069,-7.5622,-41.411,-43.493,0.41398,-0.39932,0.89488,-0.25695,0.55403,-0.7016,0.36713
4.703e+05,-4.7221,-14.632,4.8667,11.997,-47.868,-116.86,0.4086,-0.4475,0.90002,-0.2512,0.57228,-0.68901,0.36697
4.7032e+05,-3.1693,-14.029,4.6352,41.785,-50.669,-191.17,0.33871,-0.55439,0.89333,-0.24393,0.59608,-0.6683,0.37224
4.7033e+05,-2.3862,-11.368,2.7058,54.618,-63.763,-261.25,0.20968,-0.6342,0.85321,-0.23478,0.62542,-0.6396,0.38031
4.7035e+05,-0.60984,-7.3151,0.41473,49.641,-53.742,-320.72,0.13441,-0.73,0.80731,-0.22076,0.65773,-0.60464,0.39124
4.7036e+05,-0.30212,-4.1098,-1.514,12.597,-25.444,-362.85,0.021505,-0.76765,0.8294,-0.19833,0.69021,-0.56739,0.40292
4.7038e+05,-0.95556,-3.5112,-2.2736,-55.357,-4.7879,-391.24,-0.043011,-0.83154,0.80067,-0.16606,0.72209,-0.53117,0.41093
4.7039e+05,-1.5959,-3.6352,-3.9318,-93.66,-5.6546,-414.49,-0.27419,-0.949,0.78264,-0.12941,0.75179,-0.49554,0.41534
4.7041e+05,-2.9995,-5.019,-3.538,-152.03,-11.399,-433.25,-0.45161,-1.088,0.78125,-0.08682,0.78056,-0.46121,0.41289
4.7043e+05,-5.1785,-7.087,-3.7974,-168.45,-45.198,-444.18,-0.53763,-1.1096,0.80351,-0.044792,0.80881,-0.42545,0.4035
4.7044e+05,-6.5196,-10.987,0.75264,-172.77,-74.442,-441.32,-0.83333,-1.1748,0.89836,-0.0036894,0.8364,-0.38824,0.38691
4.7046e+05,-7.9437,-13.037,3.1034,-132.75,-91.348,-401.16,-0.94624,-1.1163,0.93266,0.029237,0.86012,-0.35192,0.3681
4.7047e+05,-9.9683,-13.756,8.3049,-133.08,-75.268,-329.8,-1.172,-1.1168,0.98321,0.058257,0.87785,-0.32271,0.34907
4.7049e+05,-11.053,-13.798,6.5346,-24.346,-72.822,-226.26,-1.2473,-1.1118,1.0226,0.067766,0.89034,-0.3002,0.33554
4.705e+05,-3.7045,-12.548,7.1628,-17.356,-20.574,-116.03,-1.4355,-1.0798,1.0285,0.07361,0.89409,-0.28973,0.33354
4.7052e+05,0.79214,-18.734,4.7001,52.707,20.653,-4.6029,-1.457,-1.0907,1.0453,0.071282,0.89195,-0.28736,0.34171
4.7054e+05,-0.2971,-15.941,3.5485,149.8,38.753,66.964,-1.4624,-1.0849,1.006,0.053165,0.88656,-0.28955,0.35686
4.7055e+05,-1.5373,-8.2679,2.0827,117.87,51.85,114.8,-1.4355,-1.0578,0.96695,0.033385,0.87715,-0.30026,0.37328
4.7057e+05,-13.921,4.9265,5.6209,118.15,141.78,248.97,-1.4462,-1.1269,0.92132,0.0062151,0.85789,-0.3276,0.3958
4.7058e+05,-24.988,14.932,18.43,-275.6,-49.273,273.89,-1.2903,-1.1805,0.93763,0.016212,0.84624,-0.37885,0.37429
4.706e+05,-7.3185,-24.217,-3.8937,-179.01,109.66,197.84,-1.1667,-1.1874,1.0892,0.038065,0.82923,-0.41036,0.37755
4.7061e+05,-6.1501,-24.971,1.9177,107.98,55.467,206.04,-1.0968,-1.1987,1.1566,0.023202,0.81538,-0.4281,0.38904
4.7063e+05,-12.921,-10.495,6.1393,131.02,33.615,179.14,-0.98387,-1.1818,1.0668,0.00042379,0.80269,-0.44396,0.39823
4.7064e+05,-6.7614,-14.286,13.284,-36.253,63.254,130.96,-0.87634,-1.2243,1.0439,0.0030181,0.79128,-0.46234,0.40012
4.7066e+05,-11.761,-17.413,12.443,19.738,41.783,84.256,-0.80645,-1.1822,1.1118,0.00052469,0.78428,-0.47243,0.40213
4.7068e+05,-18.252,-14.002,8.7498,78.019,23.138,51.187,-0.73656,-1.1182,1.1236,-0.0094238,0.78012,-0.47645,0.40536
4.7069e+05,-20.815,-6.6044,7.9186,37.607,10.587,45.391,-0.64516,-1.0854,1.0566,-0.017598,0.77618,-0.48292,0.40501
4.7071e+05,-19.332,-8.1948,3.8091,-1.0714,-3.0877,34.14,-0.54839,-1.0648,1.1354,-0.021882,0.77371,-0.49,0.401
4.7072e+05,-18.644,-5.0315,2.7994,65.894,-11.171,28.612,-0.52688,-1.0166,1.1247,-0.034258,0.77121,-0.49296,0.40131
4.7074e+05,-19.073,3.265,3.2034,33.843,-15.826,34.813,-0.43011,-1.0593,1.1186,-0.045685,0.76764,-0.49869,0.39994
4.7075e+05,-14.839,4.4498,1.1612,73.85,-15.4,26.464,-0.37097,-1.0433,1.1244,-0.060829,0.76361,-0.50107,0.40266
4.7077e+05,-13.599,6.245,0.92646,73.403,-12.934,27.486,-0.36022,-0.92569,1.1256,-0.075697,0.75901,-0.50328,0.40606
4.7079e+05,-10.899,9.0059,0.70396,88.331,-13.128,41.055,-0.3172,-0.9683,1.1083,-0.092711,0.75264,-0.50587,0.41113
4.708e+05,-8.479,10.482,0.63449,67.756,-12.47,64.571,-0.28495,-0.94112,1.0636,-0.10831,0.74439,-0.5117,0.4151
4.7082e+05,-6.7884,11.702,-0.16773,52.133,-3.4456,107.92,-0.23118,-0.92496,1.0525,-0.12393,0.73235,-0.52237,0.41885
4.7083e+05,-6.2024,12.784,-0.4884,23.809,1.5179,155.58,-0.1828,-0.87177,1.0812,-0.13904,0.71683,-0.53857,0.42044
4.7085e+05,-6.3782,11.357,-0.62491,13.6,5.3109,199.83,-0.10215,-0.89299,1.0641,-0.15505,0.69792,-0.55859,0.42053
4.7086e+05,-7.7915,11.157,-1.5447,-3.6527,0.39641,232.41,-0.096774,-0.8608,1.0532,-0.17147,0.67681,-0.58127,0.41792
4.7088e+05,-8.3297,8.6778,-0.50254,-46.72,9.5645,256.12,0.037634,-0.75915,1.0486,-0.18371,0.65618,-0.60566,0.41092
4.7089e+05,-9.0484,4.4072,-0.98617,-62.059,16.62,273.16,0.11828,-0.76438,1.0373,-0.1922,0.63641,-0.62982,0.40171
4.7091e+05,-10.582,-1.0151,-0.53765,-51.091,23.043,282.81,0.19892,-0.63093,1.0611,-0.19946,0.61642,-0.65387,0.39077
4.7093e+05,-12.663,-2.787,0.18285,9.0786,21.003,270.23,0.25806,-0.55106,1.0956,-0.21104,0.59577,-0.67332,0.3836
4.7094e+05,-14.931,-3.5468,3.1646,53.116,14.233,245.44,0.28495,-0.5456,1.0844,-0.22505,0.57571,-0.68875,0.37887
4.7096e+05,-17.687,-4.0503,5.6381,34.153,19.44,201.91,0.36559,-0.46484,1.0291,-0.23497,0.55946,-0.70213,0.37257
4.7097e+05,-16.993,-5.3146,7.1504,-22.495,-6.6683,140.22,0.41398,-0.44345,1.0293,-0.23885,0.55211,-0.71274,0.36073
4.7099e+05,-10.628,-8.7728,5.6735,35.169,5.1367,83.861,0.43011,-0.40045,1.0072,-0.24084,0.54812,-0.71606,0.3589
4.71e+05,-9.6898,-11.044,5.6722,69.314,-10.511,9.9158,0.4086,-0.40551,0.97909,-0.24284,0.55079,-0.71189,0.36176
4.7102e+05,-6.3529,-12.592,5.2684,40.583,-21.793,-67.883,0.34946,-0.4748,0.95593,-0.23933,0.56231,-0.70268,0.36438
4.7104e+05,-2.8622,-13.784,3.6167,42.446,-27.862,-138.67,0.30108,-0.512,0.93308,-0.23266,0.58045,-0.68717,0.36978
4.7105e+05,-0.65712,-12.199,3.4136,58.564,-25.97,-203.65,0.28495,-0.54397,0.92153,-0.22368,0.60355,-0.66479,0.37914
4.7107e+05,-0.29596,-8.3043,2.0827,53.89,-24.099,-261.06,0.19355,-0.65058,0.88675,-0.21087,0.63081,-0.63661,0.39031
4.7108e+05,0.22442,-3.7691,0.3019,34.234,-15.362,-313.21,0.12366,-0.69285,0.83577,-0.19265,0.66088,-0.60349,0.40241
4.711e+05,-0.96842,-1.1399,-1.6114,-21.427,8.0828,-350.26,0.032258,-0.76776,0.84064,-0.16534,0.69116,-0.56952,0.41304
4.7111e+05,-2.6712,-4.8054,-0.1832,-126.12,15.082,-383.49,-0.12366,-0.93881,0.83331,-0.12572,0.72233,-0.53979,0.41359
4.7113e+05,-3.4205,-8.2707,-0.74342,-109.9,-4.6478,-410.48,-0.19355,-0.97652,0.86102,-0.087871,0.75319,-0.50545,0.41171
4.7114e+05,-3.6127,-6.7834,-3.3208,-53.279,-33.724,-420,-0.41398,-1.0091,0.91126,-0.058522,0.78129,-0.46623,0.41083
4.7116e+05,-2.4218,-4.1735,-0.92137,-77.478,-40.406,-425.35,-0.65054,-1.0679,0.90505,-0.027672,0.80709,-0.42745,0.40636
4.7118e+05,-5.6322,-7.763,1.1552,-134.26,-42.108,-418.36,-0.79032,-1.1001,0.92158,0.008576,0.83097,-0.39159,0.39506
4.7119e+05,-9.8258,-9.4231,4.434,-160.07,-56.223,-363.21,-0.98387,-1.0367,1.0009,0.042666,0.85105,-0.36214,0.37781
4.7121e+05,-11.109,-11.651,6.4471,-155.82,-47.523,-297.03,-1.0753,-1.0315,1.0122,0.072548,0.86602,-0.33886,0.36045
4.7122e+05,-10.356,-14.46,5.1253,-70.076,-53.444,-201.38,-1.2473,-1.0541,1.1299,0.08706,0.87663,-0.32156,0.34719
4.7124e+05,-3.4022,-13.396,5.7236,40.289,0.11352,-97.947,-1.2903,-1.0166,1.1247,0.085895,0.88,-0.31033,0.34918
4.7125e+05,0.13796,-13.055,4.4491,36.129,28.713,4.7088,-1.4032,-1.0377,1.0964,0.082152,0.87669,-0.31098,0.3577
4.7127e+05,-1.2167,-13.225,0.57847,115.43,54.954,73.961,-1.371,-1.0109,1.091,0.0666,0.86957,-0.31568,0.37384
4.7129e+05,-2.4461,-9.2961,10.087,56.918,98.926,150.02,-1.3387,-1.0749,1.0679,0.055253,0.85737,-0.3323,0.38917
4.713e+05,-24.046,0.020925,-17.602,91.212,256.02,437.02,-1.2527,-1.0806,1.1072,0.028137,0.82084,-0.37854,0.42676
4.7132e+05,-11.025,2.1009,-1.6073,-72.129,36.662,214.57,-1.1237,-1.1233,1.1011,0.020656,0.80446,-0.41117,0.4282
4.7133e+05,-2.9236,-24.769,-7.6986,-177.49,115.95,210.52,-1.0054,-1.1454,1.1739,0.040557,0.78468,-0.44328,0.43143
4.7135e+05,-1.2955,-24.983,6.7854,151.98,126.42,176.76,-0.87097,-1.1939,1.2128,0.025579,0.76811,-0.45281,0.45201
4.7136e+05,-12.233,-11.442,14.944,156.04,59.842,147.77,-0.77419,-1.1296,1.1966,0.0035555,0.75646,-0.46084,0.4641
4.7138e+05,-12.51,-7.1495,12.201,84.746,44.757,102.11,-0.66667,-1.1398,1.1459,-0.0096749,0.74764,-0.46891,0.47017
4.7139e+05,-16.186,-10.349,12.65,-46.814,34.449,78.317,-0.62366,-1.1184,1.1405,-0.0082787,0.74135,-0.4828,0.46609
4.7141e+05,-19.504,-14.216,8.1929,82.638,7.8275,50.773,-0.51613,-1.1396,1.1234,-0.019918,0.73854,-0.4856,0.46729
4.7143e+05,-18.367,-7.5289,5.2591,34.829,1.9845,44.768,-0.45699,-1.0805,1.0959,-0.028024,0.73565,-0.49125,0.46552
4.7144e+05,-19.122,-5.1017,3.2397,37.83,-3.5959,31.218,-0.4086,-1.1077,1.1406,-0.036753,0.73353,-0.49556,0.46368
4.7146e+05,-20.288,-0.41759,3.1785,45.301,-15.132,38.709,-0.37097,-1.0056,1.0967,-0.048481,0.73096,-0.50033,0.46154
4.7147e+05,-17.145,3.2783,2.5842,56.639,-20.096,37.11,-0.26344,-1.0004,1.1136,-0.062084,0.72817,-0.50401,0.46032
4.7149e+05,-14.969,5.1915,1.2516,71.557,-16.166,29.459,-0.22043,-0.98958,1.0968,-0.076605,0.72494,-0.50592,0.46113
4.715e+05,-12.812,7.5232,0.71819,97.126,-20.334,34.122,-0.22581,-0.9683,1.1083,-0.094141,0.72079,-0.50645,0.46379
4.7152e+05,-9.5629,10.821,1.0487,74.689,-16.256,50.257,-0.20968,-0.94618,1.0355,-0.1098,0.7149,-0.5099,0.46569
4.7154e+05,-6.5595,10.025,-0.53161,84.965,-6.2452,87.565,-0.14516,-0.93532,1.0187,-0.12754,0.70523,-0.51588,0.46932
4.7155e+05,-6.0586,11.792,-1.1595,56.788,2.988,135.15,-0.10753,-0.95136,1.0186,-0.14494,0.6916,-0.52793,0.47115
4.7157e+05,-6.5874,12.002,-0.72898,34.634,1.1969,178.07,-0.05914,-0.89778,1.0079,-0.16273,0.6756,-0.54451,0.46967
4.7158e+05,-7.0123,11.837,-0.48187,0.41454,-2.2809,215.22,-0.021505,-0.88151,0.98557,-0.17926,0.658,-0.5654,0.46392
4.716e+05,-7.397,11.147,-1.3842,-23.319,0.97503,243.96,0.10215,-0.80159,1.0145,-0.19555,0.63979,-0.58709,0.45581
4.7161e+05,-8.9271,6.3025,-1.3756,-86.632,10.171,275.29,0.1828,-0.70551,1.0323,-0.20481,0.62262,-0.61329,0.44076
